Source,Target,Type,RawWeight,Weight
1,2,Undirected,40,-0.0178408284968302
1,3,Undirected,50,0.00564026735269266
1,4,Undirected,48,0.00765555858801819
1,5,Undirected,18,-0.0520164465076901
1,6,Undirected,17,-4.82163733276644e-17
1,7,Undirected,47,0.0465199052192343
1,8,Undirected,46,0.0428570118567815
1,9,Undirected,19,-0.0513982336176715
1,10,Undirected,35,-0.0338682739309809
1,11,Undirected,14,-0.0700804465854256
1,12,Undirected,13,-0.0875418731361206
1,13,Undirected,2,-0.137027236216039
1,14,Undirected,41,0.0476218264749079
1,15,Undirected,8,-0.0664461619303316
1,16,Undirected,23,-0.000608681924308831
1,17,Undirected,45,0.000311433847625747
1,18,Undirected,3,-0.0401172232079825
1,19,Undirected,4,0.0178747237697043
1,20,Undirected,3,0.135974035847699
1,21,Undirected,30,-0.0253939663872761
1,22,Undirected,44,-0.00411956993646357
1,23,Undirected,35,0.0196509817955073
2,3,Undirected,73,-0.00325029304572524
2,4,Undirected,70,-0.00173105495616714
2,5,Undirected,28,-0.033374336451632
2,6,Undirected,28,0.0434656937810903
2,7,Undirected,60,-0.0206701185156945
2,8,Undirected,64,0.0130357379762396
2,9,Undirected,32,0.0017547275665505
2,10,Undirected,57,0.00469512120837987
2,11,Undirected,26,0.0255214495242993
2,12,Undirected,25,0.0232113670462253
2,13,Undirected,4,-0.00924065673491268
2,14,Undirected,53,-0.0141295768268936
2,15,Undirected,14,0.0033484705731079
2,16,Undirected,32,-0.0304299558048507
2,17,Undirected,68,0.00636441659566337
2,18,Undirected,5,0.00848811022551889
2,19,Undirected,7,0.0876693562731437
2,20,Undirected,3,-0.0372693803351562
2,21,Undirected,47,-0.00366077935407604
2,22,Undirected,66,-0.00127172706363725
2,23,Undirected,50,0.00130952559839557
3,4,Undirected,83,-0.00117991975288357
3,5,Undirected,35,-0.00989324060210907
3,6,Undirected,29,-0.0147232568207063
3,7,Undirected,75,0.00281097733382844
3,8,Undirected,74,0.00265856656479504
3,9,Undirected,38,0.00295942870492118
3,10,Undirected,68,0.00790026108359124
3,11,Undirected,30,0.0142404391146102
3,12,Undirected,28,-0.000999527442126594
3,13,Undirected,4,-0.0826695738934462
3,14,Undirected,66,0.00770957195565247
3,15,Undirected,16,-0.0120884996077389
3,16,Undirected,42,0.0142404391146103
3,17,Undirected,80,0.00351657372283711
3,18,Undirected,6,0.0142404391146103
3,19,Undirected,7,0.0142404391146103
3,20,Undirected,4,0.0142404391146103
3,21,Undirected,57,0.00668730122416435
3,22,Undirected,78,-0.00214997707355908
3,23,Undirected,60,0.00706185448748685
4,5,Undirected,30,-0.0570959720369651
4,6,Undirected,28,-0.0102191651816861
4,7,Undirected,74,0.0167254918688617
4,8,Undirected,70,-0.00173105495616714
4,9,Undirected,38,0.0227034869006784
4,10,Undirected,64,0.0013153805569993
4,11,Undirected,26,-0.0281634094384771
4,12,Undirected,28,0.0187445307536306
4,13,Undirected,5,0.0339844973103674
4,14,Undirected,61,-0.00676047037969202
4,15,Undirected,15,-0.0203731650122253
4,16,Undirected,41,0.0235190636322024
4,17,Undirected,76,0.000984237207442041
4,18,Undirected,6,0.0339844973103674
4,19,Undirected,6,-0.0329622923202458
4,20,Undirected,4,0.0339844973103674
4,21,Undirected,55,0.0109191932416739
4,22,Undirected,74,-0.00526880183730616
4,23,Undirected,60,0.026805912683244
5,6,Undirected,15,0.0850107897083487
5,7,Undirected,27,-0.0548457365265545
5,8,Undirected,29,-0.0181343698948952
5,9,Undirected,17,0.0396655388387149
5,10,Undirected,27,-0.00720410209132794
5,11,Undirected,13,0.0371033220741144
5,12,Undirected,9,-0.107874263972691
5,13,Undirected,3,0.178432474870584
5,14,Undirected,31,0.0655681156203863
5,15,Undirected,8,0.0729222901006098
5,16,Undirected,21,0.0992512288229589
5,17,Undirected,32,-0.00838264957687057
5,18,Undirected,4,0.224189965431259
5,19,Undirected,4,0.157243175800646
5,20,Undirected,2,0.0992512288229589
5,21,Undirected,24,0.0170644726356089
5,22,Undirected,35,0.035864249958566
5,23,Undirected,22,-0.0426259297016207
6,7,Undirected,25,-0.0114294617807819
6,8,Undirected,27,0.0276714265978584
6,9,Undirected,14,0.0321846833714012
6,10,Undirected,20,-0.0606978403536117
6,11,Undirected,12,0.0791812460476248
6,12,Undirected,7,-0.140178703165037
6,13,Undirected,4,0.380211241711606
6,14,Undirected,18,-0.0936810428778579
6,15,Undirected,9,0.200914842780713
6,16,Undirected,18,0.109144469425068
6,17,Undirected,27,-0.00532883350506695
6,18,Undirected,2,-4.82163733276644e-17
6,19,Undirected,4,0.234083206033368
6,20,Undirected,4,0.477121254719662
6,21,Undirected,15,-0.110215479787594
6,22,Undirected,27,0
6,23,Undirected,21,0.0140107144428146
7,8,Undirected,64,0.00735860508454911
7,9,Undirected,35,0.0349956607052296
7,10,Undirected,58,0.00657112620713523
7,11,Undirected,22,-0.052706350516003
7,12,Undirected,27,0.0509579896414844
7,13,Undirected,4,-0.0149177896266032
7,14,Undirected,55,-0.00371988982512934
7,15,Undirected,12,-0.0692754519491959
7,16,Undirected,35,0.00281097733382844
7,17,Undirected,68,0.000687283703972869
7,18,Undirected,6,0.0819922233814532
7,19,Undirected,6,0.0150454337508401
7,20,Undirected,4,0.0819922233814533
7,21,Undirected,47,-0.00933791224576654
7,22,Undirected,66,-0.00694885995532785
7,23,Undirected,58,0.0600903819336235
8,9,Undirected,31,-0.0120335569190828
8,10,Undirected,57,0.00469512120837987
8,11,Undirected,21,-0.0672326037125994
8,12,Undirected,24,0.00548260008579368
8,13,Undirected,5,0.0876693562731437
8,14,Undirected,56,0.00978258057851778
8,15,Undirected,14,0.0033484705731079
8,16,Undirected,34,-0.00410101708250158
8,17,Undirected,68,0.00636441659566337
8,18,Undirected,6,0.0876693562731437
8,19,Undirected,6,0.0207225666425306
8,20,Undirected,3,-0.0372693803351562
8,21,Undirected,48,0.00548260008579368
8,22,Undirected,67,0.00525914009532041
8,23,Undirected,52,0.0183428648971759
9,10,Undirected,32,0.0437192291100866
9,11,Undirected,10,-0.0997029131922266
9,12,Undirected,18,0.170292848731786
9,13,Undirected,2,-0.0205216671446017
9,14,Undirected,28,-0.00149842983117132
9,15,Undirected,9,0.101211929588487
9,16,Undirected,18,0.00944155623284158
9,17,Undirected,31,-0.0450338170220082
9,18,Undirected,3,0.0763883458634548
9,19,Undirected,3,0.00944155623284158
9,20,Undirected,2,0.0763883458634547
9,21,Undirected,25,0.0119303566365363
9,22,Undirected,36,0.0252358234160734
9,23,Undirected,29,0.054486504415625
10,11,Undirected,24,0.0327238448086234
10,12,Undirected,24,0.0474471016293297
10,13,Undirected,3,-0.0922148917996766
10,14,Undirected,49,-0.00624486485563296
10,15,Undirected,14,0.045312972116644
10,16,Undirected,33,0.0248985072966668
10,17,Undirected,61,0.00114984044373021
10,18,Undirected,4,-0.0464574012390014
10,19,Undirected,6,0.0626870681860666
10,20,Undirected,4,0.12963385781668
10,21,Undirected,46,0.0289636959353166
10,22,Undirected,58,-0.0154231674990327
10,23,Undirected,48,0.0255452601815
11,12,Undirected,8,-0.0679463170727399
11,13,Undirected,3,0.269512944217916
11,14,Undirected,22,0.00770957195565247
11,15,Undirected,3,-0.261965972824339
11,16,Undirected,12,-0.0527063505160029
11,17,Undirected,27,0.00891160560954331
11,18,Undirected,1,-0.286789556549371
11,19,Undirected,4,0.248323645147978
11,20,Undirected,3,0.366422957225973
11,21,Undirected,17,-0.0416173783503907
11,22,Undirected,24,-0.0369120833327711
11,23,Undirected,16,-0.0898481585205696
12,13,Undirected,3,0.284236201038623
12,14,Undirected,16,-0.115869869389923
12,15,Undirected,6,0.0537872796603488
12,16,Undirected,10,-0.117164339742921
12,17,Undirected,22,-0.0653062209065314
12,18,Undirected,2,0.0289636959353166
12,19,Undirected,1,-0.339013089359278
12,20,Undirected,1,-0.0959750406729834
12,21,Undirected,19,0.0214105580448707
12,22,Undirected,25,-0.00446005955163318
12,23,Undirected,23,0.0824829516618049
13,14,Undirected,4,0.0454981328450522
13,15,Undirected,2,0.340094018503624
13,16,Undirected,3,0.123384908539678
13,17,Undirected,3,-0.167179653446138
13,18,Undirected,1,0.491361693834273
13,19,Undirected,1,0.42441490420366
13,20,Undirected,1,0.667452952889954
13,21,Undirected,2,-0.19288505368104
13,22,Undirected,5,0.0599979296752854
13,23,Undirected,4,0.0862431005351116
14,15,Undirected,13,0.0259025767816715
14,16,Undirected,34,0.0506377724974633
14,17,Undirected,59,-0.000553694888463862
14,18,Undirected,5,0.0632268998054838
14,19,Undirected,7,0.142408145853109
14,20,Undirected,3,0.0174694092448087
14,21,Undirected,44,0.0224328287763588
14,22,Undirected,62,0.0263148164727128
14,23,Undirected,43,-0.00945323357807184
15,16,Undirected,11,0.156177421935986
15,17,Undirected,14,-0.0296517895298175
15,18,Undirected,1,-0.0401172232079825
15,19,Undirected,2,0.193965982825386
15,20,Undirected,2,0.43700403151168
15,21,Undirected,10,-0.0253939663872761
15,22,Undirected,16,0.0336689909529363
15,23,Undirected,12,0.031885438212519
16,17,Undirected,38,0.0112034023891281
16,18,Undirected,4,0.169142399100353
16,19,Undirected,3,-0.0227431271385598
16,20,Undirected,2,0.0442036624920534
16,21,Undirected,29,0.0442036624920534
16,22,Undirected,37,0.00495036334437994
16,23,Undirected,30,0.0370250778649301
17,18,Undirected,6,0.0546690961702184
17,19,Undirected,7,0.0546690961702185
17,20,Undirected,4,0.0546690961702185
17,21,Undirected,52,0.00724444624208027
17,22,Undirected,70,-0.00871788269417446
17,23,Undirected,51,-0.0230905627426122
18,19,Undirected,1,0.345233658156035
18,20,Undirected,1,0.588271706842329
18,21,Undirected,5,0.125873708943373
18,22,Undirected,5,-0.0191833163723394
18,23,Undirected,5,0.103971867495543
19,20,Undirected,2,0.822354912875697
19,21,Undirected,5,0.0589269193127598
19,22,Undirected,7,0.0599979296752854
19,23,Undirected,5,0.0370250778649301
20,21,Undirected,3,0.0801162183826978
20,22,Undirected,4,0.0599979296752854
20,23,Undirected,3,0.0582143769348681
21,22,Undirected,49,-0.0132339838591382
21,23,Undirected,36,-0.0239723792524819
22,23,Undirected,54,0.00706185448748685
1,24,Undirected,31,0.0990619525149277
1,25,Undirected,10,0.00564026735269266
1,26,Undirected,28,-0.0243229560247505
1,27,Undirected,21,0.014930343122923
1,28,Undirected,36,-0.0278827667909708
1,29,Undirected,31,0.118806010710685
1,30,Undirected,10,-0.137027236216039
1,31,Undirected,6,0.135974035847699
1,32,Undirected,9,-0.107064012838596
1,33,Undirected,22,-0.0199138371196955
2,24,Undirected,38,0.0142404391146103
2,25,Undirected,14,-0.0214751131519243
2,26,Undirected,43,-0.0112559479702382
2,27,Undirected,31,0.0108293260404214
2,28,Undirected,57,-0.00155382806862166
2,29,Undirected,35,-0.00173105495616714
2,30,Undirected,20,-0.00924065673491268
2,31,Undirected,8,0.0876693562731437
2,32,Undirected,19,0.0442036624920534
2,33,Undirected,33,-0.0170659942468692
4,24,Undirected,42,0.00402127393292417
4,25,Undirected,18,0.0339844973103674
4,26,Undirected,49,-0.00821318248408743
4,27,Undirected,34,-0.00273830971437249
4,28,Undirected,65,0.00179981393896611
4,29,Undirected,41,0.0132998984505164
4,30,Undirected,23,-0.00222767534407737
4,31,Undirected,7,-0.0240074496673194
4,32,Undirected,20,0.0127951982404293
4,33,Undirected,36,-0.0329622923202458
3,24,Undirected,45,0.0142404391146103
3,25,Undirected,18,0.0142404391146103
3,26,Undirected,52,-0.00214997707355917
3,27,Undirected,34,-0.0224823679101296
3,28,Undirected,67,-0.0047827981988201
3,29,Undirected,42,0.00402127393292417
3,30,Undirected,25,0.0142404391146103
3,31,Undirected,7,-0.0437515078630765
3,32,Undirected,19,-0.0292252546664801
3,33,Undirected,40,-0.00694885995532785
24,25,Undirected,5,-0.241032065988696
24,26,Undirected,28,0.0300347062978422
8,24,Undirected,40,0.0365168338257624
15,24,Undirected,8,-0.0120884996077389
24,27,Undirected,17,-0.0224823679101296
24,28,Undirected,32,-0.0246776269157594
24,29,Undirected,21,0.00402127393292417
24,30,Undirected,13,0.0312737784133906
17,24,Undirected,40,0.00351657372283711
16,24,Undirected,17,-0.0775299342410351
21,24,Undirected,26,-0.0331842108135279
14,24,Undirected,29,-0.0484063700232789
24,31,Undirected,3,-0.11069829749369
22,24,Undirected,38,-0.0134309874832482
24,32,Undirected,6,-0.228797609571684
24,33,Undirected,16,-0.103858872963384
25,26,Undirected,9,-0.0649408069330146
8,25,Undirected,15,0.00848811022551889
15,25,Undirected,4,0.0848215134003176
25,27,Undirected,7,-0.00989324060210907
25,28,Undirected,14,0.0142404391146103
25,29,Undirected,11,0.121134673029268
25,30,Undirected,6,0.0934216851622351
17,25,Undirected,15,-0.0245121498774064
16,25,Undirected,11,0.131353838210954
21,25,Undirected,13,0.0637258021945286
14,25,Undirected,15,0.0632268998054839
25,31,Undirected,3,0.287241711178348
22,25,Undirected,17,0.0351743459502532
25,32,Undirected,6,0.169142399100353
25,33,Undirected,13,0.203904505359565
8,26,Undirected,46,0.0180334281317493
15,26,Undirected,12,0.0848215134003176
26,27,Undirected,21,-0.00989324060210907
26,28,Undirected,41,0.00377500543644526
26,29,Undirected,22,-0.0549565860264137
26,30,Undirected,15,0.0142404391146103
17,26,Undirected,47,-0.00562680571703261
16,26,Undirected,27,0.0442036624920535
21,26,Undirected,38,0.0524447917848395
14,26,Undirected,41,0.0227982427498757
26,31,Undirected,6,0.111150452122667
22,26,Undirected,50,0.0265741741883357
26,32,Undirected,15,0.0899611530527286
26,33,Undirected,25,0.0107799070051037
8,27,Undirected,28,-0.033374336451632
8,28,Undirected,53,-0.0331528141403241
8,29,Undirected,36,0.0105034014608445
8,30,Undirected,18,-0.0549981472955878
8,31,Undirected,7,0.029677409295457
8,32,Undirected,14,-0.0884219027825375
8,33,Undirected,33,-0.0170659942468692
15,27,Undirected,7,0.014930343122923
15,28,Undirected,13,0.0068793394682411
15,29,Undirected,4,-0.293374437075963
15,30,Undirected,6,0.118245268887267
15,31,Undirected,4,0.43700403151168
15,32,Undirected,7,0.260912772455999
15,33,Undirected,12,0.193965982825386
27,28,Undirected,28,0.00234121581490249
27,29,Undirected,19,0.0455663698601826
27,30,Undirected,10,0.00234121581490249
17,27,Undirected,32,-0.00838264957687057
16,27,Undirected,16,-0.0188480832550356
21,27,Undirected,18,-0.107874263972691
14,27,Undirected,28,0.0213644531283329
27,31,Undirected,3,-0.025687507785341
22,27,Undirected,34,0.0232751226505455
27,32,Undirected,13,0.192005282059858
27,33,Undirected,19,0.0557855350418686
28,29,Undirected,32,-0.00493356872000233
28,30,Undirected,20,0.0264748955316219
17,28,Undirected,61,-0.00509910883327138
16,28,Undirected,32,0.00528559646168377
21,28,Undirected,42,-0.0167937946253585
14,28,Undirected,51,0.00488028193678823
28,31,Undirected,7,0.0653929615619916
22,28,Undirected,61,0.000229724671795602
28,32,Undirected,20,0.10219560946974
28,33,Undirected,31,-0.00850268802394955
29,30,Undirected,11,-0.0215328305394639
17,29,Undirected,37,-0.0105976353423731
16,29,Undirected,20,0.0127951982404293
21,29,Undirected,26,-0.0134401526177707
14,29,Undirected,30,-0.0139390550068154
29,31,Undirected,3,-0.0909542392979326
22,29,Undirected,37,-0.00526880183730616
29,32,Undirected,10,0.0127951982404293
29,33,Undirected,18,-0.0329622923202458
17,30,Undirected,21,-0.0210516177678999
16,30,Undirected,7,-0.207608310501746
21,30,Undirected,14,-0.0467570180028017
14,30,Undirected,16,-0.0514118801630041
30,31,Undirected,2,-0.0315170514460649
22,30,Undirected,22,0.00448060182545399
30,32,Undirected,7,0.0934216851622351
30,33,Undirected,11,-0.011313665357778
17,31,Undirected,7,-0.00332285080746831
17,32,Undirected,20,0.0334797971002804
17,33,Undirected,36,-0.0122776934603947
16,31,Undirected,2,-0.256826333171928
16,32,Undirected,15,0.199105622477797
16,33,Undirected,22,0.0644070485803405
21,31,Undirected,6,0.0801162183826978
21,32,Undirected,12,-0.0379830936952966
21,33,Undirected,23,-0.0564664993893097
14,31,Undirected,6,0.0174694092448087
14,32,Undirected,15,-0.00371988982512934
14,33,Undirected,34,0.0506377724974633
22,31,Undirected,7,0.00200598269759857
31,32,Undirected,3,0.220294921547735
31,33,Undirected,6,0.220294921547735
22,32,Undirected,19,0.016532235894195
22,33,Undirected,38,0.016532235894195
32,33,Undirected,15,0.199105622477797
1,34,Undirected,9,0.0390640228396424
1,35,Undirected,30,0.022030683540862
1,36,Undirected,9,0.0390640228396424
1,37,Undirected,9,0.135974035847699
1,38,Undirected,4,0.0848215134003176
1,39,Undirected,24,0.10964509712535
1,40,Undirected,9,0.173762596737099
1,41,Undirected,11,0.00127546195024259
3,34,Undirected,14,-0.015722784262833
3,35,Undirected,50,-0.0027929001841701
3,36,Undirected,15,0.0142404391146102
3,37,Undirected,12,0.0142404391146103
3,38,Undirected,6,0.0142404391146103
3,39,Undirected,34,0.0142404391146103
3,40,Undirected,11,0.0142404391146103
3,41,Undirected,19,-0.00803595559654198
4,34,Undirected,15,0.0339844973103674
4,35,Undirected,46,-0.0192610146428577
4,36,Undirected,15,0.0339844973103674
4,37,Undirected,9,-0.0909542392979326
4,38,Undirected,5,-0.0451967487372575
4,39,Undirected,33,0.0210195201459998
4,40,Undirected,10,-0.00740818784785763
4,41,Undirected,17,-0.0365965769753399
24,34,Undirected,6,-0.0826695738934462
10,24,Undirected,33,-0.00506471608077635
7,24,Undirected,40,0.0308397009340719
24,35,Undirected,27,0.0306308553027796
24,36,Undirected,10,0.13917917572291
24,37,Undirected,8,0.13917917572291
24,38,Undirected,5,0.236089188730967
24,39,Undirected,19,0.0625451186891652
24,40,Undirected,8,0.17696773661231
24,41,Undirected,6,-0.207608310501746
26,34,Undirected,9,0.0142404391146102
10,34,Undirected,12,0.0327238448086234
7,34,Undirected,15,0.0819922233814533
8,34,Undirected,13,0.0255214495242993
17,34,Undirected,14,0.0247058727927752
14,34,Undirected,11,0.00770957195565256
34,35,Undirected,10,0.0763883458634547
34,36,Undirected,2,-0.0826695738934462
21,34,Undirected,11,0.0703563810935416
34,37,Undirected,4,0.315270434778591
34,38,Undirected,2,0.315270434778591
16,34,Undirected,9,0.123384908539678
22,34,Undirected,15,0.0599979296752854
34,39,Undirected,10,0.260912772455999
34,40,Undirected,3,0.228120259059691
34,41,Undirected,5,0.190331698170291
33,34,Undirected,8,0.072232386092297
10,26,Undirected,40,-0.000699910678326271
7,26,Undirected,44,-0.00694885995532785
26,35,Undirected,32,0.0252358234160733
26,36,Undirected,9,0.0142404391146102
26,37,Undirected,7,0.00200598269759857
26,38,Undirected,4,0.0599979296752854
26,39,Undirected,19,-0.0166361273584595
26,40,Undirected,6,-0.0271522460436148
26,41,Undirected,9,-0.11069829749369
10,35,Undirected,41,0.0264143709016161
10,36,Undirected,10,-0.0464574012390014
10,37,Undirected,8,-0.0464574012390014
10,38,Undirected,5,0.0504526117690549
10,39,Undirected,27,0.029518704933412
10,40,Undirected,8,-0.00866884034960165
10,41,Undirected,14,-0.0252681021690633
10,33,Undirected,33,0.0248985072966668
7,35,Undirected,46,0.0287467114282281
7,36,Undirected,14,0.05202900000401
7,37,Undirected,9,-0.0429465132268467
7,38,Undirected,6,0.0819922233814532
7,39,Undirected,31,0.0418750001734708
7,40,Undirected,9,-0.00515795233744688
7,41,Undirected,16,-0.0149177896266032
7,33,Undirected,31,-0.0498953731821745
8,35,Undirected,46,0.0344238443199187
8,36,Undirected,12,-0.00924065673491268
8,37,Undirected,11,0.049880795383744
8,38,Undirected,6,0.0876693562731437
8,39,Undirected,30,0.0333116939505511
8,40,Undirected,10,0.0462766711149188
8,41,Undirected,17,0.0170882819874365
17,35,Undirected,46,0.00142358421699336
17,36,Undirected,13,-0.00747881057862605
17,37,Undirected,10,-0.0245121498774064
17,38,Undirected,6,0.0546690961702184
17,39,Undirected,30,0.000311433847625747
17,40,Undirected,11,0.0546690961702185
17,41,Undirected,19,0.0323927014590662
14,35,Undirected,36,-0.0172926970144032
14,36,Undirected,11,0.00770957195565256
14,37,Undirected,9,0.0174694092448087
14,38,Undirected,3,-0.158621849810873
14,39,Undirected,25,0.0088692374828912
14,40,Undirected,10,0.101015460694884
14,41,Undirected,16,0.0454981328450522
35,36,Undirected,11,0.11778103102168
21,35,Undirected,36,0.045354112123486
35,37,Undirected,9,0.127540868310836
35,38,Undirected,4,0.0763883458634548
16,35,Undirected,16,-0.16664970282284
22,35,Undirected,45,-0.0027929001841701
35,39,Undirected,18,-0.0237268070198131
35,40,Undirected,6,-0.0107618298554455
35,41,Undirected,10,-0.0485503907448452
33,35,Undirected,23,-0.0090418494611716
21,36,Undirected,8,-0.0679463170727399
36,37,Undirected,6,0.491361693834273
36,38,Undirected,1,0.0142404391146103
16,36,Undirected,7,0.0142404391146102
22,36,Undirected,11,-0.0747006442221709
36,39,Undirected,6,0.0390640228396423
36,40,Undirected,6,0.529150254723672
36,41,Undirected,3,-0.0315170514460649
33,36,Undirected,9,0.123384908539678
21,37,Undirected,7,-0.0290282510423702
21,38,Undirected,4,0.0289636959353166
21,39,Undirected,21,-0.00420466731733802
21,40,Undirected,8,0.0667522568247163
21,41,Undirected,14,0.0501529950052547
37,38,Undirected,1,0.111150452122667
16,37,Undirected,4,-0.131887596563628
22,37,Undirected,12,0.0599979296752854
37,39,Undirected,6,0.135974035847699
37,40,Undirected,7,0.693007057362342
37,41,Undirected,3,0.0653929615619916
33,37,Undirected,5,-0.0349775835555714
16,38,Undirected,2,-0.131887596563628
22,38,Undirected,4,-0.116093329380396
38,39,Undirected,3,0.135974035847699
38,40,Undirected,1,0.148939013012066
38,41,Undirected,3,0.366422957225973
33,38,Undirected,3,0.0442036624920534
16,39,Undirected,17,0.0442036624920534
16,40,Undirected,6,0.0819922233814532
16,41,Undirected,15,0.220294921547735
22,39,Undirected,30,0.00564026735269266
22,40,Undirected,11,0.0599979296752854
22,41,Undirected,16,-0.0369120833327711
39,40,Undirected,6,0.173762596737099
39,41,Undirected,8,0.0390640228396423
33,39,Undirected,15,-0.0101539998305392
40,41,Undirected,2,-0.0729097366042899
33,40,Undirected,5,0.00281097733382844
33,41,Undirected,15,0.220294921547735
1,42,Undirected,19,-0.00440167094144791
1,43,Undirected,3,0.0390640228396423
2,35,Undirected,43,0.00513446821793119
2,42,Undirected,28,-0.00924065673491268
2,41,Undirected,14,-0.0672326037125994
2,43,Undirected,3,-0.134179393343213
4,42,Undirected,34,0.0213953700023469
4,43,Undirected,5,0.0339844973103674
3,42,Undirected,35,0.0142404391146103
3,43,Undirected,4,-0.0826695738934462
12,24,Undirected,17,0.0833213582579092
24,42,Undirected,19,0.0499559913811447
23,24,Undirected,33,0.0484545396457119
24,43,Undirected,3,0.0934216851622351
7,28,Undirected,57,-0.00723096096031217
7,30,Undirected,20,-0.0149177896266032
7,42,Undirected,29,0.000322176930133684
7,43,Undirected,4,-0.0149177896266032
12,26,Undirected,17,0.00414011221028439
26,42,Undirected,23,0.0537489803982838
23,26,Undirected,35,-0.00517260192952483
26,43,Undirected,5,0.236089188730967
12,28,Undirected,22,0.00340959146292837
12,35,Undirected,17,0.0205305283984538
12,30,Undirected,9,0.0623874514222664
12,42,Undirected,12,0.0411981523523282
12,41,Undirected,3,-0.31782379028934
12,43,Undirected,2,0.108144941982941
10,28,Undirected,49,-0.0252681021690633
10,30,Undirected,20,0.0327238448086234
10,42,Undirected,26,0.00053916143722214
10,43,Undirected,2,-0.268306150855358
8,42,Undirected,30,0.0207225666425306
8,43,Undirected,4,-0.00924065673491268
28,35,Undirected,36,-0.0363159343278336
28,42,Undirected,26,-0.00570978783977936
23,28,Undirected,43,-0.0284764708915022
28,41,Undirected,17,0.052803834253971
28,43,Undirected,5,0.123384908539678
30,35,Undirected,18,0.109812101350404
35,42,Undirected,19,-0.0128348384783107
23,35,Undirected,32,-0.0277002517717251
35,43,Undirected,2,-0.145460403752902
17,42,Undirected,27,-0.0580351840210699
17,43,Undirected,5,0.0546690961702185
21,42,Undirected,17,-0.108564167981004
21,43,Undirected,1,-0.493915049345021
14,42,Undirected,21,-0.0794406037632477
14,43,Undirected,4,0.0454981328450522
30,42,Undirected,10,0.0264748955316219
23,30,Undirected,17,0.0156620262494043
30,41,Undirected,3,-0.253365801062421
30,43,Undirected,2,0.17260293120986
16,42,Undirected,16,0.00528559646168377
23,42,Undirected,26,0.0540584171637104
41,42,Undirected,6,-0.0984638410766781
42,43,Undirected,3,0.202566154587303
16,43,Undirected,1,-0.353736346179984
23,41,Undirected,13,-0.00393352981397639
23,43,Undirected,4,0.0862431005351116
41,43,Undirected,1,-0.0315170514460649
1,44,Undirected,18,-0.0278827667909708
4,44,Undirected,31,-0.0187218532056356
3,44,Undirected,34,0.00165131180658969
5,26,Undirected,24,0.0480987063755776
5,28,Undirected,30,0.0323044391923458
5,29,Undirected,15,-0.0570959720369651
5,35,Undirected,20,-0.0146921234838778
5,36,Undirected,4,-0.173750043240779
5,42,Undirected,13,-0.0298434675564987
5,39,Undirected,14,0.0149303431229231
5,44,Undirected,21,0.178432474870584
5,33,Undirected,25,0.174971942761077
9,26,Undirected,24,0.0252358234160734
26,44,Undirected,21,0.0142404391146103
10,29,Undirected,30,-0.0267133430432443
10,44,Undirected,26,0.00053916143722214
7,29,Undirected,36,0.00482626856915392
7,44,Undirected,30,0.0150454337508401
8,44,Undirected,29,0.00599930982182426
9,28,Undirected,29,-0.00528170058786481
9,29,Undirected,20,0.0449798816118306
9,35,Undirected,21,-0.016365707373444
9,36,Undirected,7,0.0464251224860115
9,42,Undirected,16,0.037470279833085
9,39,Undirected,19,0.12469302543801
9,44,Undirected,18,0.0886228022804664
9,33,Undirected,19,0.0329226520823644
28,36,Undirected,12,0.0264748955316219
28,39,Undirected,27,0.0232697556564105
28,44,Undirected,24,-0.0404718940989914
29,35,Undirected,23,-0.0192610146428577
29,36,Undirected,5,-0.142106761745314
29,42,Undirected,17,0.0213953700023469
29,39,Undirected,21,0.125754870666013
29,44,Undirected,16,-0.00493356872000223
23,29,Undirected,27,-0.0189515778774311
15,35,Undirected,7,-0.132871276444881
15,36,Undirected,4,0.164002759447942
15,42,Undirected,6,-0.0278827667909708
15,39,Undirected,7,0.0516531501476629
15,44,Undirected,8,0.0970559698173291
35,44,Undirected,20,0.00944155623284158
36,42,Undirected,9,0.202566154587303
36,44,Undirected,5,-0.052706350516003
23,36,Undirected,9,-0.0386956360731883
22,42,Undirected,29,-0.0216721167760342
39,42,Undirected,12,-0.0278827667909708
42,44,Undirected,15,0.056438118909065
33,42,Undirected,16,0.00528559646168377
21,44,Undirected,22,0.00340959146292837
14,44,Undirected,26,0.013313449473651
22,44,Undirected,34,0.0474088023672648
39,44,Undirected,17,0.123384908539678
23,39,Undirected,23,0.0134020325185058
23,44,Undirected,24,0.0192963109044985
33,44,Undirected,21,0.123384908539678
23,33,Undirected,25,-0.0421561681826948
1,45,Undirected,12,0.0848215134003176
1,46,Undirected,4,-0.0912697456553638
1,47,Undirected,13,0.0738261290988543
3,45,Undirected,17,-0.0105831446104219
3,46,Undirected,9,0.0142404391146103
3,47,Undirected,20,0.0142404391146102
4,45,Undirected,18,0.0339844973103674
4,46,Undirected,7,-0.0751599721147006
4,47,Undirected,19,0.0117081025992151
2,45,Undirected,17,0.0628457725481116
2,46,Undirected,9,0.0876693562731437
2,47,Undirected,19,0.0653929615619916
24,45,Undirected,11,0.10139061483351
24,46,Undirected,6,0.13917917572291
24,47,Undirected,15,0.190331698170291
10,45,Undirected,13,-0.0116952949797895
10,46,Undirected,8,0.0784813353692985
10,47,Undirected,16,0.0327238448086234
7,45,Undirected,16,0.030839700934072
7,46,Undirected,6,-0.094099035674228
7,47,Undirected,16,-0.0149177896266032
8,45,Undirected,15,0.00848811022551889
8,46,Undirected,7,-0.0214751131519243
8,47,Undirected,17,0.0170882819874365
17,45,Undirected,17,0.0298455124451863
17,46,Undirected,7,-0.0544753732548496
17,47,Undirected,18,0.00891160560954331
16,45,Undirected,7,-0.0649408069330146
16,46,Undirected,3,-0.131887596563628
16,47,Undirected,12,0.123384908539678
14,45,Undirected,10,-0.112864359250197
14,46,Undirected,6,-0.0336831132025726
14,47,Undirected,14,-0.0124938141326345
35,45,Undirected,8,-0.0997029131922265
35,46,Undirected,5,-0.0027929001841701
35,47,Undirected,15,0.127540868310836
21,45,Undirected,6,-0.272066299728665
21,46,Undirected,4,-0.147127563120365
21,47,Undirected,14,0.0501529950052547
45,46,Undirected,1,-0.241032065988696
22,45,Undirected,17,0.0351743459502532
23,45,Undirected,14,0.0740086441181
45,47,Undirected,4,0.0142404391146102
22,46,Undirected,8,0.00884540722790409
23,46,Undirected,8,0.132000591095787
46,47,Undirected,2,0.0142404391146102
22,47,Undirected,17,-0.0105831446104219
23,47,Undirected,14,0.0282511535574249
4,48,Undirected,38,-0.0094811964707229
3,48,Undirected,40,-0.00694885995532785
2,48,Undirected,36,0.0207225666425306
5,48,Undirected,19,0.0557855350418686
25,48,Undirected,8,-0.00694885995532785
10,48,Undirected,34,0.0378634844610345
9,48,Undirected,20,0.0551990467935165
7,48,Undirected,30,-0.0641358122967847
28,48,Undirected,34,0.031614535184033
35,48,Undirected,22,-0.0283470046565582
17,48,Undirected,37,-0.000378470160687012
16,48,Undirected,19,0.000737968710963177
21,48,Undirected,28,0.0289636959353166
48,49,Undirected,2,0.169142399100353
48,50,Undirected,8,-0.00694885995532785
22,48,Undirected,37,0.00495036334437984
39,48,Undirected,10,-0.18624525888622
44,48,Undirected,17,0.031614535184033
32,48,Undirected,12,0.10219560946974
23,48,Undirected,26,-0.0251228288839144
41,48,Undirected,9,-0.00155382806862166
33,48,Undirected,20,0.0230143634221154
4,49,Undirected,3,0.0339844973103674
4,50,Undirected,17,0.00916091358533527
3,49,Undirected,2,-0.161850819941071
3,50,Undirected,18,0.0142404391146103
2,49,Undirected,3,0.0876693562731437
2,50,Undirected,15,0.00848811022551889
2,39,Undirected,26,-0.0288362127982934
2,44,Undirected,28,-0.00924065673491268
5,25,Undirected,12,0.224189965431259
5,49,Undirected,2,0.224189965431259
5,50,Undirected,11,0.186401404541859
5,32,Undirected,14,0.224189965431259
5,41,Undirected,13,0.213194581129796
10,25,Undirected,13,-0.0116952949797895
9,25,Undirected,10,0.12214583642413
7,25,Undirected,15,0.00281097733382844
25,35,Undirected,8,-0.0997029131922266
25,49,Undirected,1,0.236089188730967
25,50,Undirected,4,0.0599979296752854
25,39,Undirected,9,0.135974035847699
25,44,Undirected,14,0.315270434778591
23,25,Undirected,13,0.0418239607466987
25,41,Undirected,5,0.111150452122667
10,49,Undirected,2,-0.0464574012390014
10,50,Undirected,13,-0.0116952949797895
10,32,Undirected,14,-0.0464574012390014
9,49,Undirected,2,0.201327082471755
9,50,Undirected,10,0.12214583642413
9,32,Undirected,10,0.0551990467935165
9,41,Undirected,5,-0.224641649800526
7,49,Undirected,3,0.0819922233814532
7,50,Undirected,16,0.030839700934072
7,32,Undirected,14,-0.094099035674228
28,49,Undirected,2,-0.052706350516003
28,50,Undirected,14,0.0142404391146103
35,49,Undirected,2,0.0763883458634548
35,50,Undirected,11,0.0385997849740549
32,35,Undirected,7,-0.224641649800526
17,49,Undirected,1,-0.422452158549444
17,50,Undirected,15,-0.0245121498774064
17,44,Undirected,29,-0.0270009502811011
16,49,Undirected,1,-0.131887596563628
16,50,Undirected,11,0.131353838210954
16,44,Undirected,13,-0.0848910338874042
21,49,Undirected,1,-0.272066299728665
21,50,Undirected,12,0.0289636959353166
49,50,Undirected,1,0.236089188730967
22,49,Undirected,3,0.0599979296752854
39,49,Undirected,2,0.260912772455999
44,49,Undirected,2,0.248323645147978
32,49,Undirected,2,0.470172394764335
23,49,Undirected,3,0.183153113543168
41,49,Undirected,1,0.190331698170291
33,49,Undirected,2,0.169142399100353
22,50,Undirected,17,0.0351743459502532
39,50,Undirected,8,0.0848215134003176
44,50,Undirected,6,-0.0527063505160029
32,50,Undirected,6,0.169142399100353
23,50,Undirected,15,0.103971867495543
41,50,Undirected,6,0.190331698170291
33,50,Undirected,11,0.131353838210954
32,39,Undirected,6,-0.107064012838596
32,44,Undirected,7,-0.052706350516003
41,44,Undirected,8,0.0264748955316219
23,32,Undirected,11,-0.0976734960325261
32,41,Undirected,6,0.123384908539678
6,48,Undirected,14,-4.82163733276644e-17
11,48,Undirected,16,0.072232386092297
8,48,Undirected,30,-0.0584586794050943
13,48,Undirected,3,0.123384908539678
37,48,Undirected,3,-0.256826333171928
29,48,Undirected,12,-0.209053551375927
42,48,Undirected,16,0.00528559646168377
36,48,Undirected,6,-0.0527063505160029
14,48,Undirected,26,-0.0658677965739738
48,51,Undirected,4,0.0442036624920534
40,48,Undirected,2,-0.395129031338209
47,48,Undirected,7,-0.11069829749369
4,51,Undirected,7,-0.0240074496673194
5,37,Undirected,4,-0.0768400302327223
5,51,Undirected,2,-0.201778766841022
5,40,Undirected,3,-0.163990205951622
5,47,Undirected,7,-0.0556507311627842
3,51,Undirected,8,0.0142404391146103
2,37,Undirected,7,-0.146413849760224
2,36,Undirected,10,-0.0884219027825375
2,51,Undirected,6,-0.0372693803351562
2,40,Undirected,7,-0.108625288870824
6,37,Undirected,4,-4.82163733276644e-17
6,29,Undirected,15,0.0197440581957572
6,42,Undirected,13,0.0469965626762236
6,28,Undirected,22,-0.0255541044723881
6,36,Undirected,5,-4.82163733276644e-17
6,41,Undirected,6,-0.0457574905606751
6,51,Undirected,4,0.176091259055681
6,40,Undirected,3,-0.0871501757189002
6,32,Undirected,13,0.26884531229258
6,33,Undirected,14,-4.82163733276644e-17
6,47,Undirected,7,0.0211892990699381
11,37,Undirected,4,0.0142404391146103
11,29,Undirected,14,0.00402127393292417
11,42,Undirected,9,-0.0984638410766781
11,28,Undirected,24,0.0264748955316219
11,36,Undirected,4,-0.0826695738934462
11,41,Undirected,5,-0.11069829749369
11,51,Undirected,3,0.0653929615619916
11,40,Undirected,3,-0.0729097366042899
11,32,Undirected,6,-0.0527063505160029
11,33,Undirected,14,0.0142404391146103
11,47,Undirected,8,0.0934216851622351
8,51,Undirected,7,0.029677409295457
13,37,Undirected,2,0.491361693834273
13,29,Undirected,1,-0.36395551136167
13,42,Undirected,2,0.0264748955316219
13,28,Undirected,4,0.0264748955316219
13,36,Undirected,2,0.394451680826216
13,41,Undirected,1,-0.0315170514460649
13,51,Undirected,2,0.667452952889954
13,40,Undirected,1,0.228120259059691
13,32,Undirected,2,0.248323645147978
13,33,Undirected,2,-0.0527063505160029
13,47,Undirected,1,-0.0315170514460649
29,37,Undirected,4,-0.142106761745314
37,42,Undirected,5,0.0442036624920535
28,37,Undirected,10,0.0442036624920534
37,51,Undirected,7,0.831309755528624
32,37,Undirected,1,-0.432917592227609
37,47,Undirected,3,0.0653929615619916
29,41,Undirected,9,-0.0117729932503077
29,51,Undirected,3,-0.0909542392979326
29,40,Undirected,6,0.0717730581997672
29,47,Undirected,13,0.147927849617204
16,51,Undirected,4,0.0442036624920534
42,51,Undirected,4,0.123384908539678
40,42,Undirected,3,-0.139856526234903
32,42,Undirected,8,0.00528559646168377
42,47,Undirected,11,0.164777593697903
28,51,Undirected,7,0.0653929615619916
28,40,Undirected,9,0.0362347328207781
28,47,Undirected,14,-0.0315170514460649
36,51,Undirected,4,0.491361693834273
32,36,Undirected,3,-0.052706350516003
36,47,Undirected,4,0.0934216851622351
17,51,Undirected,7,-0.00332285080746831
21,51,Undirected,4,-0.0959750406729834
14,51,Undirected,4,-0.158621849810873
41,51,Undirected,2,0.0653929615619916
41,47,Undirected,3,-0.156455788054365
40,51,Undirected,3,0.501121531123429
22,51,Undirected,7,0.00200598269759857
32,51,Undirected,2,0.0442036624920534
33,51,Undirected,3,-0.0807350741162465
47,51,Undirected,2,0.0653929615619916
32,40,Undirected,1,-0.395129031338209
40,47,Undirected,2,-0.0729097366042899
32,47,Undirected,6,0.123384908539678
33,47,Undirected,9,-0.00155382806862166
24,48,Undirected,14,-0.161850819941071
12,48,Undirected,16,0.0869556429130034
27,48,Undirected,16,-0.0188480832550355
30,48,Undirected,15,0.123384908539678
48,52,Undirected,12,0.0264748955316219
48,53,Undirected,8,0.0442036624920534
2,52,Undirected,24,0.0699405893127121
2,53,Undirected,14,0.029677409295457
3,52,Undirected,23,-0.0219717335398345
3,53,Undirected,15,-0.0137882844856333
4,52,Undirected,23,-0.00222767534407737
4,53,Undirected,15,0.00595577371012384
9,24,Undirected,18,-0.0205216671446017
11,24,Undirected,15,0.0142404391146103
24,52,Undirected,14,0.0634584617847919
24,53,Undirected,8,0.0142404391146103
10,27,Undirected,24,-0.0583566245387092
10,52,Undirected,19,0.0104474500974711
10,53,Undirected,13,0.0394572274675918
9,27,Undirected,14,-0.0446553468613211
9,30,Undirected,10,-0.0205216671446018
9,52,Undirected,11,0.0208710180136233
9,53,Undirected,6,-0.0485503907448452
9,47,Undirected,9,0.0306308553027796
7,27,Undirected,27,-0.0548457365265545
7,52,Undirected,22,0.0264748955316219
7,53,Undirected,14,0.0240002764037665
11,27,Undirected,16,0.127279952423202
11,35,Undirected,15,-0.0485503907448452
11,30,Undirected,9,0.04766419460156
11,52,Undirected,9,0.04766419460156
11,53,Undirected,5,-0.0137882844856333
12,27,Undirected,11,-0.020724088253791
12,29,Undirected,12,-0.0482022588769827
12,52,Undirected,10,0.108144941982941
12,53,Undirected,6,0.0801162183826978
12,33,Undirected,7,-0.272066299728665
12,47,Undirected,8,0.108144941982941
28,52,Undirected,20,0.0264748955316219
28,53,Undirected,12,-0.00155382806862166
27,42,Undirected,13,-0.0298434675564987
42,52,Undirected,8,-0.0704351174764346
42,53,Undirected,5,-0.0807350741162465
27,35,Undirected,19,-0.0369685181950302
27,52,Undirected,8,-0.0945687971931539
27,53,Undirected,7,0.0412592818452722
23,27,Undirected,22,-0.0426259297016207
27,47,Undirected,11,0.140643913981184
35,52,Undirected,19,0.133293197199927
35,53,Undirected,7,-0.106542337722532
29,52,Undirected,12,0.0162557303499358
29,53,Undirected,6,-0.0909542392979326
30,52,Undirected,6,-0.0492458184064965
30,53,Undirected,3,-0.156455788054365
30,47,Undirected,3,-0.253365801062421
52,53,Undirected,5,0.0653929615619916
22,52,Undirected,21,-0.015722784262833
23,52,Undirected,18,0.0404856099744366
33,52,Undirected,9,-0.0984638410766781
47,52,Undirected,6,0.04766419460156
22,53,Undirected,15,0.0319692060750418
23,53,Undirected,15,0.155124389942925
33,53,Undirected,6,-0.0807350741162465
47,53,Undirected,4,0.0653929615619916
1,54,Undirected,3,-0.261965972824339
1,52,Undirected,13,-0.0230838839092021
5,27,Undirected,17,0.0625284217982191
5,54,Undirected,6,0.178432474870584
5,31,Undirected,4,0.0992512288229589
5,52,Undirected,9,-0.0434162747457726
3,54,Undirected,10,0.0142404391146102
4,54,Undirected,9,-0.0117729932503077
2,54,Undirected,9,0.0419118657124686
26,54,Undirected,9,0.190331698170291
26,52,Undirected,13,-0.0479074676342343
8,54,Undirected,9,0.0419118657124686
8,52,Undirected,23,0.051457183618699
7,54,Undirected,9,0.0362347328207781
7,31,Undirected,5,-0.122127759274472
12,54,Undirected,5,0.205054954990998
12,31,Undirected,3,0.0801162183826978
10,54,Undirected,8,0.0327238448086234
10,31,Undirected,6,0.00469512120837987
27,54,Undirected,4,0.00234121581490249
27,41,Undirected,6,-0.122597520793397
17,54,Undirected,10,0.0546690961702185
14,54,Undirected,4,-0.255531862818929
31,54,Undirected,2,0.366422957225973
28,54,Undirected,8,0.0264748955316219
21,54,Undirected,8,0.108144941982941
52,54,Undirected,7,0.415640979896154
22,54,Undirected,9,0.0142404391146102
23,54,Undirected,6,-0.0386956360731883
41,54,Undirected,2,-0.0315170514460649
33,54,Undirected,4,-0.052706350516003
17,52,Undirected,22,-0.000848231679612899
14,52,Undirected,13,-0.141588510512092
31,52,Undirected,2,-0.0315170514460649
23,31,Undirected,4,-0.117876882120813
31,41,Undirected,2,0.0653929615619916
21,52,Undirected,16,0.011234928974885
41,52,Undirected,5,-0.0315170514460649
1,53,Undirected,8,-0.0401172232079825
1,51,Undirected,4,-0.0401172232079825
2,34,Undirected,8,-0.185331915790594
34,53,Undirected,2,-0.11069829749369
34,51,Undirected,2,0.190331698170291
23,34,Undirected,11,0.0484545396457119
34,47,Undirected,3,-0.0315170514460649
26,53,Undirected,9,-0.0137882844856333
26,51,Undirected,4,-0.0649408069330146
26,47,Undirected,12,0.0142404391146102
10,51,Undirected,5,-0.0744861248392449
8,53,Undirected,15,0.0596406326729002
7,51,Undirected,6,-0.0429465132268467
14,53,Undirected,13,0.0522315155040207
17,53,Undirected,12,-0.0702696404380815
37,53,Undirected,1,-0.314818280149614
23,37,Undirected,6,-0.117876882120813
35,51,Undirected,5,0.0483596222632112
21,53,Undirected,7,-0.15396698765067
16,53,Undirected,6,-0.0807350741162465
51,53,Undirected,1,-0.138727021093933
39,53,Undirected,7,0.077982088870012
39,51,Undirected,2,-0.165055959816282
23,51,Undirected,6,0.0582143769348681
39,47,Undirected,8,0.0390640228396423
15,48,Undirected,9,0.0690272462170856
46,48,Undirected,5,0.0899611530527286
5,30,Undirected,5,-0.298688779849079
5,46,Undirected,3,-0.0768400302327223
6,27,Undirected,19,0.187673131605496
6,35,Undirected,12,-0.159700842867512
6,30,Undirected,7,-0.0757207139381184
6,46,Undirected,2,-0.176091259055681
11,46,Undirected,4,0.13917917572291
15,37,Undirected,2,-0.0401172232079825
15,46,Undirected,2,0.0848215134003176
15,51,Undirected,2,0.135974035847699
15,41,Undirected,5,0.135974035847699
27,37,Undirected,3,-0.201778766841022
27,46,Undirected,2,-0.252931289288404
27,51,Undirected,3,-0.025687507785341
28,46,Undirected,6,-0.0527063505160029
30,37,Undirected,2,-0.207608310501746
37,46,Undirected,2,0.236089188730967
30,46,Undirected,4,0.218360421770535
30,51,Undirected,3,0.144574207609616
46,51,Undirected,1,0.111150452122667
41,46,Undirected,2,0.0142404391146103
33,46,Undirected,5,0.0899611530527285
5,53,Undirected,8,0.0992512288229589
9,31,Undirected,3,-0.0485503907448452
6,25,Undirected,7,0.0669467896306132
6,31,Undirected,3,0.0511525224473813
6,53,Undirected,6,0.0511525224473813
6,39,Undirected,10,-0.0543576623225927
6,44,Undirected,13,0.0469965626762236
25,42,Undirected,8,0.072232386092297
25,53,Undirected,4,0.111150452122667
15,53,Undirected,3,0.0110352992393989
31,42,Undirected,2,-0.177645087124303
31,53,Undirected,1,-0.138727021093933
31,39,Undirected,4,0.135974035847699
31,44,Undirected,4,0.123384908539678
44,53,Undirected,5,-0.0807350741162465
32,53,Undirected,4,0.0442036624920534
41,53,Undirected,2,-0.23563703410199
1,55,Undirected,8,-0.0401172232079825
1,56,Undirected,6,-0.0401172232079825
1,50,Undirected,10,0.00564026735269266
4,55,Undirected,16,0.0339844973103674
4,56,Undirected,11,-0.0038040635790324
3,55,Undirected,16,0.0142404391146103
3,56,Undirected,11,-0.0235481217747896
2,55,Undirected,14,0.029677409295457
2,56,Undirected,10,0.00848811022551889
6,24,Undirected,14,-0.0299632233774432
24,55,Undirected,10,0.111150452122667
24,56,Undirected,7,0.0811872287452234
20,24,Undirected,2,0.0142404391146103
24,50,Undirected,7,-0.0949040303104577
8,55,Undirected,15,0.0596406326729002
8,56,Undirected,11,0.049880795383744
8,50,Undirected,12,-0.0884219027825375
7,55,Undirected,16,0.0819922233814533
7,56,Undirected,9,-0.0429465132268467
6,55,Undirected,7,0.118099312077994
6,56,Undirected,5,0.0969100130080564
6,50,Undirected,4,-0.176091259055681
10,55,Undirected,14,0.0716419108389931
10,56,Undirected,8,-0.0464574012390014
11,55,Undirected,2,-0.411728293157671
11,56,Undirected,5,0.111150452122667
11,50,Undirected,4,-0.161850819941071
28,55,Undirected,11,-0.0393423889580215
28,56,Undirected,11,0.0855963476502785
20,28,Undirected,2,-0.177645087124303
55,56,Undirected,4,0.287241711178348
27,55,Undirected,6,-0.025687507785341
20,55,Undirected,1,0.162302974570048
14,55,Undirected,10,-0.0617118368028162
17,55,Undirected,15,0.0266403725699749
29,55,Undirected,8,0.0339844973103674
53,55,Undirected,3,0.037364237961748
23,55,Undirected,15,0.155124389942925
22,55,Undirected,15,0.0319692060750418
50,55,Undirected,7,0.354188500808961
27,56,Undirected,7,0.166198018453572
20,56,Undirected,1,0.287241711178348
14,56,Undirected,10,0.0632268998054838
17,56,Undirected,9,-0.0702696404380815
29,56,Undirected,4,-0.142106761745314
53,56,Undirected,4,0.287241711178348
23,56,Undirected,8,0.00706185448748685
22,56,Undirected,12,0.0599979296752854
50,56,Undirected,3,0.111150452122667
20,27,Undirected,1,-0.201778766841022
27,50,Undirected,6,-0.0768400302327223
20,29,Undirected,2,0.0339844973103674
20,53,Undirected,1,0.162302974570048
20,50,Undirected,1,0.111150452122667
14,50,Undirected,13,0.0010789930566394
29,50,Undirected,12,0.158923233918667
50,53,Undirected,3,-0.0137882844856333
24,54,Undirected,4,-0.0826695738934462
9,54,Undirected,3,-0.145460403752902
6,26,Undirected,16,-0.0511525224473813
6,52,Undirected,7,-0.0757207139381184
6,54,Undirected,5,0.176091259055681
29,54,Undirected,1,-0.664985507025651
35,54,Undirected,7,0.0975776449333928
16,52,Undirected,6,-0.274555100132359
16,54,Undirected,4,-0.052706350516003
47,54,Undirected,3,0.144574207609616
26,48,Undirected,26,0.0278132463038841
48,54,Undirected,7,0.190331698170291
38,48,Undirected,2,-0.131887596563628
5,38,Undirected,1,-0.377870025896704
2,38,Undirected,4,-0.0884219027825375
38,52,Undirected,3,0.269512944217916
44,52,Undirected,8,-0.0704351174764346
38,54,Undirected,2,0.491361693834273
44,54,Undirected,6,0.202566154587303
28,38,Undirected,3,-0.177645087124303
38,44,Undirected,2,-0.052706350516003
27,44,Undirected,12,-0.0646055738157106
1,57,Undirected,2,-0.283155271894277
3,57,Undirected,6,-0.052706350516003
5,24,Undirected,7,-0.407833249274147
24,44,Undirected,17,0.00165131180658969
24,57,Undirected,4,0.072232386092297
2,57,Undirected,6,0.0207225666425306
5,56,Undirected,6,0.0992512288229589
5,57,Undirected,3,0.0323044391923458
26,56,Undirected,8,0.0599979296752854
26,50,Undirected,10,-0.0191833163723394
26,57,Undirected,5,0.0899611530527285
10,57,Undirected,6,0.0626870681860666
12,56,Undirected,3,-0.0959750406729834
12,37,Undirected,2,-0.272066299728665
12,50,Undirected,6,0.0289636959353166
12,44,Undirected,11,0.00340959146292837
12,39,Undirected,12,0.0537872796603488
12,57,Undirected,3,0.138108165360385
8,57,Undirected,7,0.0876693562731437
9,56,Undirected,5,-0.00279290018417015
9,37,Undirected,3,-0.224641649800526
9,57,Undirected,4,0.134380292841141
35,56,Undirected,6,-0.0485503907448452
42,56,Undirected,7,0.190331698170291
21,56,Undirected,8,0.0289636959353166
31,56,Undirected,1,-0.0137882844856333
37,56,Undirected,2,0.111150452122667
44,56,Undirected,6,0.123384908539678
39,56,Undirected,5,0.0567927898000739
56,57,Undirected,4,0.646263653820016
33,56,Undirected,3,-0.256826333171928
47,56,Undirected,3,0.0653929615619915
31,35,Undirected,4,-0.0485503907448452
35,57,Undirected,4,0.00944155623284158
42,50,Undirected,6,-0.0527063505160029
42,57,Undirected,3,0.056438118909065
14,57,Undirected,3,-0.225568639441486
21,57,Undirected,7,0.205054954990998
31,37,Undirected,1,-0.0137882844856333
31,50,Undirected,1,-0.189879543541315
31,57,Undirected,1,0.220294921547735
31,47,Undirected,1,-0.23563703410199
37,50,Undirected,2,-0.0649408069330146
37,44,Undirected,3,-0.177645087124303
37,57,Undirected,1,0.0442036624920534
28,57,Undirected,7,0.123384908539678
29,57,Undirected,4,0.0919764442880542
50,57,Undirected,1,-0.131887596563628
47,50,Undirected,5,0.111150452122667
44,57,Undirected,4,0.181376855517365
44,47,Undirected,6,-0.0984638410766781
22,57,Undirected,6,-0.00694885995532785
39,57,Undirected,3,0.0690272462170856
33,57,Undirected,2,-0.198834386194241
47,57,Undirected,4,0.42441490420366
26,46,Undirected,3,-0.241032065988696
26,55,Undirected,11,0.0733618912332668
9,46,Undirected,4,0.0252358234160733
9,55,Undirected,10,0.173298358871511
46,55,Undirected,1,-0.189879543541315
42,46,Undirected,3,-0.0527063505160029
29,46,Undirected,2,-0.318198020800995
46,50,Undirected,2,0.0599979296752854
30,55,Undirected,3,-0.156455788054365
42,55,Undirected,7,0.0653929615619916
21,55,Undirected,12,0.0801162183826978
30,50,Undirected,2,-0.383699569557427
34,48,Undirected,6,-0.0527063505160029
48,55,Undirected,8,0.0442036624920534
48,58,Undirected,1,0.0442036624920534
24,51,Undirected,4,0.0142404391146103
24,58,Undirected,2,0.315270434778591
4,58,Undirected,2,0.0339844973103674
3,58,Undirected,2,0.0142404391146103
9,34,Undirected,7,0.0464251224860115
12,34,Undirected,5,0.0289636959353166
28,34,Undirected,10,-0.052706350516003
29,34,Undirected,9,0.113165743357992
34,55,Undirected,3,0.0653929615619916
34,58,Undirected,1,0.491361693834273
34,50,Undirected,4,0.13917917572291
10,58,Undirected,2,0.12963385781668
7,58,Undirected,2,0.0819922233814533
8,58,Undirected,2,0.0876693562731437
9,40,Undirected,3,-0.186853088911127
9,51,Undirected,1,-0.525671645464508
9,58,Undirected,2,0.377418341527436
26,58,Undirected,1,-0.0649408069330146
12,55,Undirected,6,0.0801162183826978
12,40,Undirected,1,-0.535307734503246
12,51,Undirected,1,-0.397005036336965
12,58,Undirected,1,0.205054954990998
28,58,Undirected,1,-0.177645087124303
29,58,Undirected,2,0.335014492974349
17,58,Undirected,2,0.0546690961702185
37,55,Undirected,1,-0.314818280149614
37,58,Undirected,1,0.588271706842329
16,55,Undirected,8,0.0442036624920534
39,55,Undirected,6,0.0110352992393989
40,55,Undirected,2,0.0240002764037665
51,55,Undirected,1,-0.138727021093933
55,58,Undirected,1,0.463332970234029
16,58,Undirected,2,0.345233658156035
21,58,Undirected,1,-0.0959750406729834
39,58,Undirected,1,0.135974035847699
23,40,Undirected,4,-0.256179580287095
23,58,Undirected,2,0.183153113543168
22,58,Undirected,2,0.0599979296752854
40,58,Undirected,2,0.92709026339571
40,50,Undirected,1,-0.328182241707596
51,58,Undirected,1,0.76436296589801
50,51,Undirected,1,-0.189879543541315
50,58,Undirected,1,0.412180447786648
1,59,Undirected,2,-0.0401172232079825
2,59,Undirected,4,0.0876693562731437
4,59,Undirected,4,0.0339844973103674
3,59,Undirected,4,0.0142404391146103
24,59,Undirected,3,0.190331698170291
6,59,Undirected,1,-0.1249387366083
6,38,Undirected,1,-0.301029995663981
10,59,Undirected,4,0.12963385781668
11,59,Undirected,2,0.190331698170291
7,59,Undirected,4,0.0819922233814533
8,59,Undirected,3,-0.0372693803351562
29,59,Undirected,3,0.210075756366049
55,59,Undirected,2,0.463332970234029
38,59,Undirected,2,0.88930170250631
42,59,Undirected,2,0.123384908539678
28,59,Undirected,2,-0.177645087124303
17,59,Undirected,4,0.0546690961702185
39,59,Undirected,2,0.135974035847699
23,59,Undirected,2,-0.117876882120813
11,38,Undirected,2,0.0142404391146103
11,39,Undirected,12,0.0390640228396423
29,38,Undirected,2,-0.142106761745314
38,55,Undirected,2,0.287241711178348
38,42,Undirected,2,-0.052706350516003
23,38,Undirected,3,-0.117876882120813
11,26,Undirected,9,-0.286789556549371
19,26,Undirected,4,-0.00694885995532785
11,44,Undirected,10,-0.052706350516003
19,35,Undirected,4,0.00944155623284148
19,30,Undirected,2,0.0264748955316219
30,44,Undirected,8,-0.0704351174764345
19,29,Undirected,4,0.0919764442880541
19,44,Undirected,4,0.181376855517365
19,33,Undirected,3,-0.0227431271385598
18,25,Undirected,1,-0.0649408069330146
18,29,Undirected,2,-0.142106761745314
18,42,Undirected,3,0.123384908539678
18,41,Undirected,1,-0.11069829749369
18,44,Undirected,3,0.123384908539678
18,33,Undirected,1,-0.432917592227609
1,60,Undirected,2,0.260912772455999
1,61,Undirected,1,-0.43805723188002
5,34,Undirected,1,-0.775810034568741
5,60,Undirected,1,0.0992512288229589
5,61,Undirected,5,0.40028122448694
2,60,Undirected,2,0.0876693562731437
2,61,Undirected,4,-0.00924065673491268
4,60,Undirected,2,0.0339844973103674
4,61,Undirected,5,0.0339844973103674
3,60,Undirected,1,-0.286789556549371
3,61,Undirected,3,-0.207608310501746
11,34,Undirected,4,-0.0826695738934462
27,34,Undirected,5,-0.0768400302327223
34,42,Undirected,3,-0.274555100132359
34,52,Undirected,4,-0.00348832784582135
15,34,Undirected,5,0.260912772455999
34,60,Undirected,2,0.792391689498254
34,44,Undirected,4,-0.149616363524059
32,34,Undirected,3,-0.052706350516003
34,61,Undirected,1,0.0934216851622351
24,60,Undirected,1,0.0142404391146103
24,61,Undirected,1,-0.383699569557427
7,60,Undirected,2,0.0819922233814533
7,61,Undirected,3,-0.139856526234903
11,60,Undirected,1,0.190331698170291
11,61,Undirected,1,-0.207608310501746
10,60,Undirected,1,-0.171396137847301
10,61,Undirected,4,0.0327238448086234
8,60,Undirected,2,0.0876693562731437
8,61,Undirected,3,-0.134179393343213
26,60,Undirected,1,-0.0649408069330146
26,61,Undirected,3,0.0142404391146102
28,60,Undirected,2,0.123384908539678
28,61,Undirected,5,0.123384908539678
17,60,Undirected,2,0.0546690961702185
17,61,Undirected,3,-0.167179653446138
16,60,Undirected,1,0.0442036624920534
16,61,Undirected,3,0.123384908539678
27,60,Undirected,2,0.40028122448694
27,39,Undirected,10,-0.131197692555315
27,61,Undirected,3,0.178432474870584
42,60,Undirected,1,0.123384908539678
42,61,Undirected,1,-0.274555100132359
35,60,Undirected,2,0.252479604919136
35,61,Undirected,3,0.0306308553027796
15,52,Undirected,1,-0.659905981496376
52,60,Undirected,2,0.570542939881898
39,52,Undirected,7,-0.115837937146101
50,52,Undirected,4,-0.0826695738934462
32,52,Undirected,3,-0.274555100132359
52,61,Undirected,2,0.17260293120986
14,60,Undirected,1,-0.158621849810873
14,61,Undirected,4,0.0454981328450522
29,60,Undirected,2,0.335014492974349
29,61,Undirected,1,-0.36395551136167
15,60,Undirected,1,0.43700403151168
15,50,Undirected,3,-0.0401172232079825
15,61,Undirected,3,0.516185277559305
15,47,Undirected,2,-0.261965972824339
39,60,Undirected,1,0.135974035847699
44,60,Undirected,1,0.123384908539678
22,60,Undirected,2,0.0599979296752854
41,60,Undirected,2,0.667452952889954
50,60,Undirected,1,0.412180447786648
32,60,Undirected,1,0.345233658156035
23,60,Undirected,1,-0.117876882120813
33,60,Undirected,1,0.0442036624920534
60,61,Undirected,1,0.968482948553935
47,60,Undirected,1,0.366422957225973
39,61,Undirected,1,-0.261965972824339
44,61,Undirected,3,0.202566154587303
22,61,Undirected,4,-0.0369120833327711
41,61,Undirected,3,0.445604203273598
50,61,Undirected,3,0.491361693834273
32,61,Undirected,3,0.424414904203659
23,61,Undirected,3,-0.0386956360731883
33,61,Undirected,5,0.345233658156035
47,61,Undirected,1,-0.0315170514460649
1,62,Undirected,1,-0.0401172232079825
2,62,Undirected,2,0.0876693562731437
4,62,Undirected,2,0.0339844973103674
3,62,Undirected,2,0.0142404391146103
5,45,Undirected,5,-0.156021276280347
5,62,Undirected,2,0.40028122448694
25,52,Undirected,4,-0.0826695738934462
25,45,Undirected,3,-0.0649408069330146
25,62,Undirected,1,0.412180447786648
7,62,Undirected,2,0.0819922233814533
8,62,Undirected,2,0.0876693562731437
9,45,Undirected,8,0.0252358234160733
9,62,Undirected,1,0.0763883458634547
28,45,Undirected,12,-0.0527063505160029
28,62,Undirected,1,-0.177645087124303
29,45,Undirected,8,-0.0171680251370139
29,62,Undirected,1,0.0339844973103674
45,52,Undirected,6,0.0934216851622351
52,62,Undirected,1,0.269512944217916
39,45,Undirected,8,0.0848215134003176
45,62,Undirected,1,0.412180447786648
45,50,Undirected,5,0.156907942683342
33,45,Undirected,7,-0.0649408069330146
16,62,Undirected,1,0.0442036624920534
14,62,Undirected,2,0.142408145853109
17,62,Undirected,2,0.0546690961702185
39,62,Undirected,1,0.135974035847699
23,62,Undirected,2,0.183153113543168
22,62,Undirected,2,0.0599979296752854
50,62,Undirected,2,0.713210443450629
33,62,Undirected,1,0.0442036624920534
1,63,Undirected,2,0.260912772455999
2,63,Undirected,2,0.0876693562731437
4,63,Undirected,2,0.0339844973103674
3,63,Undirected,2,0.0142404391146103
5,55,Undirected,5,-0.104868753832966
5,63,Undirected,1,0.0992512288229589
10,63,Undirected,2,0.12963385781668
7,63,Undirected,2,0.0819922233814533
8,63,Undirected,2,0.0876693562731437
6,63,Undirected,2,0.477121254719662
26,63,Undirected,2,0.236089188730967
29,63,Undirected,2,0.335014492974349
27,63,Undirected,1,0.0992512288229589
21,63,Undirected,2,0.205054954990998
35,55,Undirected,8,-0.0485503907448452
35,63,Undirected,2,0.252479604919136
16,63,Undirected,1,0.0442036624920534
17,63,Undirected,2,0.0546690961702185
14,63,Undirected,2,0.142408145853109
53,63,Undirected,1,0.463332970234029
32,55,Undirected,3,-0.0807350741162465
47,55,Undirected,4,0.0653929615619916
55,63,Undirected,1,0.463332970234029
22,63,Undirected,2,0.0599979296752854
50,63,Undirected,1,0.412180447786648
23,63,Undirected,2,0.183153113543168
32,63,Undirected,1,0.345233658156035
47,63,Undirected,1,0.366422957225973
20,48,Undirected,1,-0.256826333171928
20,26,Undirected,2,-0.0649408069330146
11,25,Undirected,5,-0.0649408069330146
11,54,Undirected,2,-0.207608310501746
20,25,Undirected,2,0.412180447786648
25,54,Undirected,2,0.0142404391146102
20,42,Undirected,1,-0.177645087124303
20,30,Undirected,1,-0.0315170514460649
20,54,Undirected,1,0.366422957225973
20,32,Undirected,1,0.0442036624920534
20,44,Undirected,2,0.123384908539678
20,33,Undirected,2,0.0442036624920534
42,54,Undirected,4,0.0264748955316219
30,54,Undirected,2,-0.128427064454121
32,54,Undirected,1,-0.353736346179984
1,64,Undirected,4,-0.0401172232079825
2,64,Undirected,7,0.029677409295457
4,64,Undirected,8,0.0339844973103674
3,64,Undirected,8,0.0142404391146103
24,64,Undirected,4,0.0142404391146103
7,64,Undirected,6,-0.0429465132268467
8,64,Undirected,7,0.029677409295457
26,64,Undirected,3,-0.189879543541315
10,64,Undirected,7,0.0716419108389931
17,64,Undirected,8,0.0546690961702185
14,64,Undirected,5,-0.0617118368028162
42,64,Undirected,4,0.123384908539678
28,64,Undirected,6,-0.00155382806862166
36,64,Undirected,2,0.190331698170291
46,64,Undirected,1,0.111150452122667
37,64,Undirected,1,-0.0137882844856333
39,64,Undirected,3,0.0110352992393989
23,64,Undirected,3,-0.242815618729113
22,64,Undirected,5,-0.144122052980639
40,64,Undirected,2,0.325030272067748
36,46,Undirected,4,0.440209171386891
39,46,Undirected,1,-0.517238477927645
40,46,Undirected,2,0.273877749620366
1,65,Undirected,3,-0.0401172232079825
1,66,Undirected,1,0.260912772455999
1,58,Undirected,1,-0.0401172232079825
2,65,Undirected,5,0.00848811022551889
2,66,Undirected,1,0.0876693562731437
2,58,Undirected,1,-0.213360639390837
4,65,Undirected,5,-0.0451967487372575
4,66,Undirected,1,0.0339844973103674
3,65,Undirected,6,0.0142404391146103
3,66,Undirected,1,0.0142404391146103
24,65,Undirected,4,0.13917917572291
24,66,Undirected,1,0.315270434778591
7,65,Undirected,5,0.00281097733382844
7,66,Undirected,1,0.0819922233814533
8,65,Undirected,4,-0.0884219027825375
8,66,Undirected,1,0.0876693562731437
9,65,Undirected,2,-0.0997029131922266
9,66,Undirected,1,0.377418341527436
10,65,Undirected,5,0.0504526117690549
10,66,Undirected,1,0.12963385781668
6,65,Undirected,2,-4.82163733276644e-17
6,66,Undirected,1,0.477121254719662
6,58,Undirected,1,0.176091259055681
27,36,Undirected,4,-0.173750043240779
36,65,Undirected,1,0.0142404391146103
36,66,Undirected,1,0.792391689498254
36,58,Undirected,1,0.491361693834273
29,65,Undirected,4,0.158923233918667
29,66,Undirected,1,0.335014492974349
27,65,Undirected,3,0.0992512288229589
27,40,Undirected,4,-0.0390514693433225
27,66,Undirected,1,0.40028122448694
27,58,Undirected,1,0.0992512288229589
42,65,Undirected,1,-0.353736346179984
42,66,Undirected,1,0.424414904203659
42,58,Undirected,1,0.123384908539678
17,65,Undirected,6,0.0546690961702184
17,66,Undirected,1,0.0546690961702185
16,65,Undirected,4,0.169142399100353
16,66,Undirected,1,0.345233658156035
14,65,Undirected,5,0.0632268998054838
14,66,Undirected,1,0.142408145853109
14,58,Undirected,1,-0.158621849810873
46,65,Undirected,2,0.537119184394948
46,66,Undirected,1,1.01424043911461
44,46,Undirected,3,-0.0527063505160029
46,58,Undirected,1,0.713210443450629
40,65,Undirected,1,0.148939013012066
65,66,Undirected,1,1.19033169817029
44,65,Undirected,2,-0.052706350516003
23,65,Undirected,6,0.183153113543168
22,65,Undirected,5,-0.0191833163723394
58,65,Undirected,1,0.88930170250631
47,65,Undirected,4,0.491361693834273
33,65,Undirected,4,0.169142399100353
40,66,Undirected,1,0.92709026339571
40,44,Undirected,4,-0.0149177896266032
44,66,Undirected,1,0.424414904203659
23,66,Undirected,1,0.183153113543168
22,66,Undirected,1,0.0599979296752854
58,66,Undirected,1,1.66745295288995
47,66,Undirected,1,0.667452952889954
33,66,Undirected,1,0.345233658156035
44,58,Undirected,1,0.123384908539678
47,58,Undirected,1,0.366422957225973
33,58,Undirected,1,0.0442036624920534
18,26,Undirected,4,0.0599979296752854
18,28,Undirected,3,-0.177645087124303
18,35,Undirected,2,-0.224641649800526
18,36,Undirected,1,0.0142404391146102
18,39,Undirected,2,-0.0401172232079825
18,40,Undirected,1,0.148939013012066
26,45,Undirected,7,-0.174085276358083
42,45,Undirected,7,0.0142404391146103
30,45,Undirected,4,-0.0826695738934462
32,45,Undirected,5,0.0899611530527285
5,43,Undirected,3,0.178432474870584
9,43,Undirected,1,-0.321551662808583
27,43,Undirected,3,0.178432474870584
29,43,Undirected,1,-0.36395551136167
30,39,Undirected,3,-0.483814722440695
43,53,Undirected,3,0.542514216281654
22,43,Undirected,4,-0.0369120833327711
39,43,Undirected,2,0.0390640228396423
43,47,Undirected,1,-0.0315170514460649
15,40,Undirected,1,-0.303358657982564
1,67,Undirected,3,0.135974035847699
2,67,Undirected,4,0.0876693562731437
4,67,Undirected,4,0.0339844973103674
3,67,Undirected,4,0.0142404391146103
24,67,Undirected,2,0.0142404391146103
26,67,Undirected,2,-0.0649408069330146
8,67,Undirected,3,-0.0372693803351562
9,64,Undirected,2,-0.224641649800526
9,67,Undirected,1,-0.224641649800526
6,64,Undirected,1,-0.425968732272281
6,67,Undirected,1,-0.1249387366083
7,67,Undirected,3,-0.0429465132268467
64,67,Undirected,1,0.463332970234029
12,64,Undirected,2,-0.0959750406729834
35,64,Undirected,5,0.0483596222632112
21,64,Undirected,6,0.0801162183826978
27,64,Undirected,5,0.196161241831015
29,64,Undirected,5,0.130894510318424
32,64,Undirected,2,0.0442036624920534
47,64,Undirected,2,0.0653929615619916
12,67,Undirected,3,0.381146214046679
28,67,Undirected,4,0.123384908539678
35,67,Undirected,3,0.127540868310836
36,67,Undirected,2,0.491361693834273
42,67,Undirected,2,0.123384908539678
21,67,Undirected,3,0.0801162183826978
27,67,Undirected,2,0.0992512288229589
29,67,Undirected,2,0.0339844973103674
17,67,Undirected,3,-0.0702696404380815
39,67,Undirected,2,0.135974035847699
32,67,Undirected,1,0.0442036624920534
47,67,Undirected,2,0.366422957225973
12,36,Undirected,2,-0.368976312736721
12,32,Undirected,4,-0.214074352750978
48,65,Undirected,3,0.0442036624920534
48,57,Undirected,5,0.199105622477797
4,57,Undirected,6,-0.0329622923202458
6,57,Undirected,3,0.109144469425068
11,65,Undirected,4,0.315270434778591
11,57,Undirected,1,-0.353736346179984
7,57,Undirected,6,0.0150454337508401
28,65,Undirected,4,-0.052706350516003
52,65,Undirected,2,0.0934216851622351
52,57,Undirected,4,0.327504891195603
17,57,Undirected,6,-0.0122776934603948
16,57,Undirected,4,0.10219560946974
21,65,Undirected,5,0.125873708943373
41,65,Undirected,2,0.190331698170291
39,65,Undirected,3,0.135974035847699
57,65,Undirected,2,0.646263653820016
41,57,Undirected,3,0.29947616759536
23,57,Undirected,5,0.03702507786493
25,56,Undirected,2,-0.0649408069330146
25,43,Undirected,1,0.0142404391146102
43,56,Undirected,2,0.491361693834273
43,44,Undirected,3,0.202566154587303
33,43,Undirected,2,-0.052706350516003
18,48,Undirected,3,0.0442036624920534
45,48,Undirected,6,-0.131887596563628
18,24,Undirected,2,-0.161850819941071
12,45,Undirected,9,0.205054954990998
18,52,Undirected,1,-0.207608310501746
18,45,Undirected,1,-0.0649408069330146
18,50,Undirected,1,-0.0649408069330146
48,56,Undirected,6,0.0442036624920534
12,25,Undirected,4,-0.147127563120365
16,56,Undirected,5,-0.0349775835555714
48,68,Undirected,1,0.345233658156035
3,68,Undirected,1,0.0142404391146103
2,68,Undirected,1,0.0876693562731437
24,68,Undirected,1,0.315270434778591
5,65,Undirected,1,-0.377870025896704
5,68,Undirected,1,0.40028122448694
10,68,Undirected,1,0.12963385781668
26,65,Undirected,3,-0.0649408069330146
26,68,Undirected,1,0.236089188730967
8,68,Undirected,1,0.0876693562731437
11,68,Undirected,1,0.491361693834273
46,52,Undirected,1,-0.383699569557427
46,53,Undirected,2,0.111150452122667
46,68,Undirected,1,1.01424043911461
52,68,Undirected,1,0.570542939881898
14,68,Undirected,1,0.142408145853109
35,65,Undirected,2,-0.224641649800526
35,68,Undirected,1,0.252479604919136
21,68,Undirected,1,0.205054954990998
53,65,Undirected,1,-0.0137882844856333
53,68,Undirected,1,0.76436296589801
17,68,Undirected,1,0.0546690961702185
23,68,Undirected,1,0.183153113543168
22,68,Undirected,1,0.0599979296752854
65,68,Undirected,1,1.19033169817029
33,68,Undirected,1,0.345233658156035
1,69,Undirected,3,0.260912772455999
5,69,Undirected,2,0.224189965431259
3,69,Undirected,3,0.0142404391146103
4,69,Undirected,3,0.0339844973103674
26,69,Undirected,2,0.0599979296752854
10,69,Undirected,1,-0.347487396902983
25,69,Undirected,1,0.236089188730967
7,69,Undirected,3,0.0819922233814532
8,69,Undirected,2,-0.0884219027825375
16,69,Undirected,3,0.345233658156035
35,69,Undirected,1,-0.224641649800526
21,69,Undirected,2,0.0289636959353166
42,69,Undirected,1,-0.052706350516003
14,69,Undirected,3,0.142408145853109
17,69,Undirected,3,0.0546690961702184
29,69,Undirected,2,0.158923233918667
28,69,Undirected,2,-0.052706350516003
22,69,Undirected,3,0.0599979296752854
39,69,Undirected,2,0.260912772455999
48,64,Undirected,4,0.0442036624920534
48,70,Undirected,6,0.345233658156035
3,70,Undirected,6,0.0142404391146103
4,70,Undirected,6,0.0339844973103674
34,64,Undirected,2,0.190331698170291
34,70,Undirected,1,0.0142404391146103
30,34,Undirected,5,0.0934216851622351
34,45,Undirected,2,-0.161850819941071
10,70,Undirected,5,0.0504526117690549
8,70,Undirected,4,-0.0884219027825375
7,70,Undirected,5,0.00281097733382844
64,70,Undirected,2,0.588271706842329
30,64,Undirected,3,0.144574207609616
45,64,Undirected,2,0.111150452122667
12,70,Undirected,2,0.0289636959353166
27,70,Undirected,3,0.0992512288229589
27,45,Undirected,6,-0.0768400302327223
35,70,Undirected,3,-0.0485503907448452
17,70,Undirected,6,0.0546690961702184
42,70,Undirected,2,-0.052706350516003
29,70,Undirected,2,-0.142106761745314
30,70,Undirected,4,0.394451680826216
45,70,Undirected,2,0.236089188730967
22,70,Undirected,5,-0.0191833163723394
23,70,Undirected,3,-0.117876882120813
48,61,Undirected,4,0.248323645147978
13,26,Undirected,2,-0.161850819941071
26,49,Undirected,1,-0.241032065988696
8,49,Undirected,2,-0.0884219027825375
9,61,Undirected,1,-0.321551662808583
12,49,Undirected,2,0.329993691599298
12,61,Undirected,2,0.108144941982941
13,27,Undirected,2,0.00234121581490249
13,52,Undirected,2,0.17260293120986
13,49,Undirected,1,0.792391689498254
13,53,Undirected,2,0.366422957225973
13,35,Undirected,2,-0.145460403752902
13,61,Undirected,1,0.570542939881898
27,49,Undirected,1,-0.0768400302327223
14,49,Undirected,1,-0.334713108866554
49,52,Undirected,1,0.0934216851622351
49,53,Undirected,2,0.588271706842329
49,61,Undirected,1,0.792391689498254
53,61,Undirected,2,0.366422957225973
19,24,Undirected,2,-0.228797609571684
24,63,Undirected,1,0.0142404391146103
25,34,Undirected,2,-0.161850819941071
6,34,Undirected,4,-0.0969100130080564
31,34,Undirected,1,-0.11069829749369
19,34,Undirected,1,-0.052706350516003
20,34,Undirected,1,0.190331698170291
34,63,Undirected,1,0.491361693834273
19,25,Undirected,2,0.169142399100353
25,63,Undirected,1,0.412180447786648
9,63,Undirected,1,0.0763883458634547
19,31,Undirected,2,0.521324917211716
20,31,Undirected,1,0.463332970234029
31,63,Undirected,1,0.76436296589801
15,63,Undirected,1,0.43700403151168
19,39,Undirected,2,-0.107064012838596
19,63,Undirected,1,0.822354912875697
20,35,Undirected,1,-0.349580386408826
20,39,Undirected,1,-0.165055959816282
20,63,Undirected,1,1.06539296156199
39,63,Undirected,1,0.135974035847699
44,63,Undirected,1,0.123384908539678
33,63,Undirected,1,0.0442036624920534
1,71,Undirected,3,-0.341147218871964
1,72,Undirected,6,-0.165055959816282
2,71,Undirected,11,0.049880795383744
2,72,Undirected,14,0.029677409295457
4,71,Undirected,11,-0.0038040635790324
3,71,Undirected,11,-0.0235481217747896
10,71,Undirected,8,-0.0464574012390014
11,71,Undirected,5,0.111150452122667
8,71,Undirected,8,-0.0884219027825375
12,71,Undirected,3,-0.0959750406729834
7,71,Undirected,7,-0.152090982651915
71,72,Undirected,7,0.530279759864642
28,71,Undirected,11,0.0855963476502785
35,71,Undirected,6,-0.0485503907448452
17,71,Undirected,11,0.0168805352808186
21,71,Undirected,5,-0.175156286720608
54,71,Undirected,2,0.190331698170291
31,71,Undirected,3,0.463332970234029
52,71,Undirected,3,-0.0315170514460649
39,71,Undirected,2,-0.341147218871964
4,72,Undirected,14,-0.0240074496673194
3,72,Undirected,15,-0.0137882844856333
10,72,Undirected,13,0.0394572274675918
11,72,Undirected,8,0.190331698170291
11,31,Undirected,1,-0.411728293157671
8,72,Undirected,7,-0.271352586368524
12,72,Undirected,2,-0.397005036336965
7,72,Undirected,11,-0.0807350741162465
28,72,Undirected,15,0.0953561849394347
35,72,Undirected,8,-0.0485503907448452
17,72,Undirected,16,0.0546690961702185
21,72,Undirected,8,-0.0959750406729834
54,72,Undirected,1,-0.23563703410199
31,72,Undirected,2,0.162302974570048
52,72,Undirected,4,-0.0315170514460649
39,72,Undirected,4,-0.165055959816282
39,54,Undirected,2,-0.261965972824339
37,67,Undirected,1,0.287241711178348
52,67,Undirected,1,-0.0315170514460649
45,67,Undirected,1,0.111150452122667
51,67,Undirected,1,0.463332970234029
22,67,Undirected,3,-0.0649408069330146
23,67,Undirected,3,0.0582143769348681
37,52,Undirected,3,-0.0315170514460649
37,45,Undirected,1,-0.365970802596996
36,52,Undirected,2,-0.304518323509803
36,45,Undirected,1,-0.462880815605052
51,52,Undirected,3,0.144574207609616
45,51,Undirected,1,-0.189879543541315
43,48,Undirected,2,-0.0527063505160029
18,53,Undirected,2,0.287241711178348
18,56,Undirected,2,0.412180447786648
18,43,Undirected,1,0.491361693834273
45,55,Undirected,3,-0.0137882844856333
41,55,Undirected,2,-0.23563703410199
33,55,Undirected,4,-0.256826333171928
41,45,Undirected,1,-0.587819552213352
11,64,Undirected,3,0.0653929615619916
53,64,Undirected,2,0.162302974570048
52,64,Undirected,2,-0.0315170514460649
11,45,Undirected,4,-0.161850819941071
45,53,Undirected,3,-0.0137882844856333
15,55,Undirected,3,0.0110352992393989
15,45,Undirected,3,-0.0401172232079825
44,55,Undirected,6,-0.00155382806862166
44,45,Undirected,6,-0.0527063505160029
48,72,Undirected,10,0.14111367550011
48,73,Undirected,1,0.345233658156035
4,73,Undirected,1,0.0339844973103674
5,72,Undirected,7,0.0412592818452722
5,73,Undirected,1,0.40028122448694
3,73,Undirected,1,0.0142404391146103
10,73,Undirected,1,0.12963385781668
16,72,Undirected,6,-0.0807350741162465
14,72,Undirected,12,0.0174694092448087
36,72,Undirected,3,0.0653929615619916
41,72,Undirected,2,-0.23563703410199
50,72,Undirected,3,-0.0137882844856333
33,72,Undirected,10,0.14111367550011
61,72,Undirected,2,0.366422957225973
72,73,Undirected,1,0.76436296589801
7,73,Undirected,1,0.0819922233814533
35,73,Undirected,1,0.252479604919136
17,73,Undirected,1,0.0546690961702185
16,73,Undirected,1,0.345233658156035
14,73,Undirected,1,0.142408145853109
21,61,Undirected,2,-0.19288505368104
21,73,Undirected,1,0.205054954990998
28,73,Undirected,1,0.123384908539678
36,50,Undirected,2,-0.161850819941071
36,61,Undirected,1,0.0934216851622351
36,73,Undirected,1,0.792391689498254
41,73,Undirected,1,0.667452952889954
50,73,Undirected,1,0.713210443450629
33,73,Undirected,1,0.345233658156035
61,73,Undirected,1,1.26951294421792
25,64,Undirected,1,-0.189879543541315
48,74,Undirected,1,0.345233658156035
2,74,Undirected,1,0.0876693562731437
3,74,Undirected,1,0.0142404391146103
4,74,Undirected,1,0.0339844973103674
24,72,Undirected,5,-0.189879543541315
24,74,Undirected,1,0.315270434778591
26,72,Undirected,5,-0.269060789588939
6,72,Undirected,6,0.0511525224473813
42,72,Undirected,2,-0.478675082788284
15,72,Undirected,3,0.0110352992393989
72,74,Undirected,1,0.76436296589801
30,72,Undirected,5,0.0653929615619916
27,72,Undirected,9,0.15040375127034
23,72,Undirected,5,-0.321996864776738
32,72,Undirected,7,0.287241711178348
51,72,Undirected,2,0.162302974570048
10,74,Undirected,1,0.12963385781668
7,74,Undirected,1,0.0819922233814533
26,74,Undirected,1,0.236089188730967
6,74,Undirected,1,0.477121254719662
42,74,Undirected,1,0.424414904203659
28,74,Undirected,1,0.123384908539678
16,74,Undirected,1,0.345233658156035
15,74,Undirected,1,0.738034027175661
17,74,Undirected,1,0.0546690961702185
36,74,Undirected,1,0.792391689498254
30,74,Undirected,1,0.570542939881898
27,74,Undirected,1,0.40028122448694
23,74,Undirected,1,0.183153113543168
32,74,Undirected,1,0.646263653820016
51,74,Undirected,1,1.06539296156199
33,74,Undirected,1,0.345233658156035
30,36,Undirected,4,-0.00348832784582135
1,75,Undirected,1,0.260912772455999
2,75,Undirected,1,0.0876693562731437
4,75,Undirected,1,0.0339844973103674
3,75,Undirected,1,0.0142404391146103
24,75,Undirected,1,0.315270434778591
26,75,Undirected,1,0.236089188730967
8,75,Undirected,1,0.0876693562731437
11,75,Undirected,1,0.491361693834273
10,75,Undirected,1,0.12963385781668
27,75,Undirected,1,0.40028122448694
28,75,Undirected,1,0.123384908539678
29,75,Undirected,1,0.335014492974349
40,56,Undirected,1,-0.152090982651915
56,75,Undirected,1,0.88930170250631
17,75,Undirected,1,0.0546690961702185
16,75,Undirected,1,0.345233658156035
21,75,Undirected,1,0.205054954990998
14,75,Undirected,1,0.142408145853109
22,75,Undirected,1,0.0599979296752854
39,75,Undirected,1,0.43700403151168
40,75,Undirected,1,0.92709026339571
6,45,Undirected,6,-4.82163733276644e-17
52,55,Undirected,3,-0.156455788054365
48,71,Undirected,9,0.220294921547735
19,48,Undirected,3,-0.0227431271385598
48,76,Undirected,1,0.345233658156035
3,76,Undirected,1,0.0142404391146103
4,76,Undirected,1,0.0339844973103674
2,76,Undirected,1,0.0876693562731437
14,71,Undirected,8,-0.0336831132025726
42,71,Undirected,4,-0.052706350516003
16,71,Undirected,3,-0.256826333171928
19,71,Undirected,2,0.345233658156035
27,71,Undirected,6,0.0992512288229589
29,71,Undirected,4,-0.142106761745314
71,76,Undirected,1,0.88930170250631
22,71,Undirected,9,-0.0649408069330146
19,72,Undirected,2,0.220294921547735
29,72,Undirected,6,-0.0909542392979326
72,76,Undirected,1,0.76436296589801
22,72,Undirected,12,-0.0649408069330146
11,76,Undirected,1,0.491361693834273
10,76,Undirected,1,0.12963385781668
14,76,Undirected,1,0.142408145853109
19,42,Undirected,1,-0.420683135810597
42,76,Undirected,1,0.424414904203659
16,76,Undirected,1,0.345233658156035
17,76,Undirected,1,0.0546690961702185
19,28,Undirected,3,-0.244591876754916
28,76,Undirected,1,0.123384908539678
19,27,Undirected,3,0.0323044391923457
19,76,Undirected,1,1.12338490853968
27,76,Undirected,1,0.40028122448694
29,76,Undirected,1,0.335014492974349
22,76,Undirected,1,0.0599979296752854
2,70,Undirected,5,0.00848811022551889
5,70,Undirected,1,-0.377870025896704
9,70,Undirected,3,0.0763883458634548
6,70,Undirected,1,-0.301029995663981
26,70,Undirected,3,-0.0649408069330146
53,70,Undirected,1,-0.0137882844856333
53,57,Undirected,1,-0.0807350741162465
18,27,Undirected,1,-0.377870025896704
27,57,Undirected,2,-0.143786819863336
14,70,Undirected,5,0.0632268998054838
16,70,Undirected,1,-0.432917592227609
21,70,Undirected,3,-0.0959750406729834
28,70,Undirected,4,-0.052706350516003
56,70,Undirected,1,0.111150452122667
32,56,Undirected,1,-0.432917592227609
55,70,Undirected,1,-0.0137882844856333
18,55,Undirected,1,-0.0137882844856333
55,57,Undirected,4,0.521324917211716
18,70,Undirected,1,0.412180447786648
57,70,Undirected,1,0.345233658156035
32,70,Undirected,2,0.169142399100353
18,57,Undirected,1,0.345233658156035
18,32,Undirected,1,-0.131887596563628
32,57,Undirected,1,-0.198834386194241
34,65,Undirected,2,0.315270434778591
34,57,Undirected,2,0.248323645147978
55,65,Undirected,1,-0.0137882844856333
48,77,Undirected,6,0.345233658156035
2,77,Undirected,6,0.0876693562731437
4,77,Undirected,5,-0.0451967487372575
3,77,Undirected,6,0.0142404391146103
24,77,Undirected,2,-0.161850819941071
12,77,Undirected,2,0.0289636959353166
12,46,Undirected,2,-0.147127563120365
10,77,Undirected,4,-0.0464574012390014
7,77,Undirected,4,-0.094099035674228
11,77,Undirected,4,0.315270434778591
8,77,Undirected,5,0.00848811022551889
9,77,Undirected,3,0.0763883458634548
28,77,Undirected,4,-0.052706350516003
35,77,Undirected,4,0.0763883458634548
30,77,Undirected,3,0.269512944217916
17,77,Undirected,6,0.0546690961702184
46,77,Undirected,2,0.537119184394948
36,77,Undirected,2,0.315270434778591
44,77,Undirected,2,-0.052706350516003
23,77,Undirected,2,-0.293968141176494
22,77,Undirected,4,-0.116093329380396
24,69,Undirected,1,-0.161850819941071
34,69,Undirected,1,0.315270434778591
11,69,Undirected,1,0.0142404391146103
27,38,Undirected,1,-0.377870025896704
27,69,Undirected,1,-0.0768400302327223
38,69,Undirected,1,0.713210443450629
23,69,Undirected,2,0.00706185448748685
41,69,Undirected,2,0.491361693834273
33,69,Undirected,1,-0.131887596563628
48,78,Undirected,2,0.345233658156035
2,78,Undirected,2,0.0876693562731437
64,71,Undirected,2,0.287241711178348
71,77,Undirected,4,0.713210443450629
71,78,Undirected,2,0.88930170250631
47,71,Undirected,1,-0.411728293157671
4,78,Undirected,2,0.0339844973103674
3,78,Undirected,2,0.0142404391146103
11,78,Undirected,1,0.190331698170291
8,78,Undirected,1,-0.213360639390837
64,77,Undirected,1,0.287241711178348
64,78,Undirected,2,1.06539296156199
10,78,Undirected,2,0.12963385781668
27,77,Undirected,2,-0.0768400302327223
27,78,Undirected,2,0.40028122448694
35,78,Undirected,1,-0.0485503907448452
77,78,Undirected,1,0.88930170250631
21,77,Undirected,2,-0.272066299728665
29,77,Undirected,1,-0.443136757409295
42,77,Undirected,2,-0.052706350516003
47,77,Undirected,1,-0.11069829749369
17,78,Undirected,2,0.0546690961702185
21,78,Undirected,2,0.205054954990998
29,78,Undirected,2,0.335014492974349
42,78,Undirected,1,0.123384908539678
47,78,Undirected,1,0.366422957225973
37,72,Undirected,2,-0.0137882844856333
40,72,Undirected,3,0.200091535459448
44,72,Undirected,6,-0.00155382806862166
24,70,Undirected,1,-0.462880815605052
72,77,Undirected,3,0.463332970234029
70,72,Undirected,3,0.463332970234029
11,70,Undirected,2,0.0142404391146103
26,77,Undirected,2,-0.241032065988696
14,77,Undirected,4,-0.0336831132025726
70,77,Undirected,3,0.88930170250631
33,77,Undirected,3,0.0442036624920534
44,70,Undirected,1,-0.353736346179984
33,70,Undirected,2,-0.131887596563628
24,71,Undirected,2,-0.462880815605052
13,24,Undirected,2,-0.0826695738934462
26,71,Undirected,5,-0.144122052980639
6,71,Undirected,4,-4.82163733276644e-17
13,71,Undirected,2,0.491361693834273
15,71,Undirected,3,0.135974035847699
45,71,Undirected,3,0.111150452122667
53,71,Undirected,1,-0.314818280149614
23,71,Undirected,5,-0.197058128168438
13,45,Undirected,1,0.0142404391146103
13,54,Undirected,1,0.269512944217916
13,39,Undirected,1,-0.261965972824339
15,54,Undirected,1,-0.261965972824339
45,54,Undirected,1,-0.286789556549371
53,54,Undirected,1,-0.23563703410199
48,79,Undirected,4,0.248323645147978
48,62,Undirected,1,0.0442036624920534
2,79,Undirected,5,0.0876693562731437
4,79,Undirected,5,0.0339844973103674
3,79,Undirected,4,-0.0826695738934462
5,79,Undirected,3,0.178432474870584
26,79,Undirected,2,-0.161850819941071
26,62,Undirected,1,-0.0649408069330146
7,79,Undirected,3,-0.139856526234903
8,79,Undirected,3,-0.134179393343213
6,79,Undirected,3,0.255272505103306
6,62,Undirected,1,0.176091259055681
27,79,Undirected,2,0.00234121581490249
35,79,Undirected,1,-0.446490399416883
21,79,Undirected,2,-0.19288505368104
14,79,Undirected,3,-0.0794406037632477
54,79,Undirected,1,0.269512944217916
55,79,Undirected,1,0.0653929615619916
19,79,Undirected,1,0.424414904203659
17,79,Undirected,4,-0.042240916837838
22,79,Undirected,5,0.0599979296752854
44,79,Undirected,4,0.327504891195603
23,79,Undirected,2,-0.21478689512887
50,79,Undirected,1,0.0142404391146102
62,79,Undirected,1,0.968482948553935
27,62,Undirected,1,0.0992512288229589
35,62,Undirected,1,-0.0485503907448452
21,62,Undirected,1,-0.0959750406729834
54,55,Undirected,3,0.241484220617673
19,54,Undirected,1,0.123384908539678
50,54,Undirected,1,-0.286789556549371
54,62,Undirected,1,0.667452952889954
19,55,Undirected,1,-0.0807350741162465
55,62,Undirected,1,0.463332970234029
19,50,Undirected,1,-0.131887596563628
19,62,Undirected,1,0.822354912875697
44,62,Undirected,1,0.123384908539678
30,71,Undirected,4,0.0934216851622351
70,71,Undirected,3,0.588271706842329
32,71,Undirected,3,0.0442036624920534
26,78,Undirected,1,-0.0649408069330146
64,72,Undirected,2,0.162302974570048
72,78,Undirected,1,0.463332970234029
28,78,Undirected,1,-0.177645087124303
14,78,Undirected,1,-0.158621849810873
30,78,Undirected,1,0.269512944217916
70,78,Undirected,1,0.88930170250631
22,78,Undirected,1,-0.241032065988696
32,78,Undirected,1,0.345233658156035
55,72,Undirected,1,-0.439757016757914
55,64,Undirected,1,-0.138727021093933
33,64,Undirected,1,-0.557856328835909
37,71,Undirected,2,0.111150452122667
51,71,Undirected,2,0.287241711178348
40,71,Undirected,1,-0.152090982651915
40,52,Undirected,1,-0.470849745276328
9,72,Undirected,4,-0.224641649800526
25,72,Undirected,2,-0.189879543541315
45,72,Undirected,4,0.111150452122667
47,72,Undirected,1,-0.536667029765971
25,47,Undirected,1,-0.587819552213352
19,45,Undirected,1,-0.131887596563628
19,32,Undirected,1,-0.198834386194241
19,47,Undirected,1,-0.177645087124303
9,71,Undirected,2,-0.400732908856208
36,71,Undirected,2,0.0142404391146103
46,71,Undirected,1,-0.0649408069330146
33,71,Undirected,3,-0.256826333171928
46,72,Undirected,1,-0.189879543541315
36,70,Undirected,1,0.0142404391146103
46,70,Undirected,1,0.236089188730967
48,59,Undirected,2,0.0442036624920534
5,59,Undirected,1,-0.201778766841022
59,72,Undirected,1,0.162302974570048
12,59,Undirected,2,0.205054954990998
25,59,Undirected,1,0.111150452122667
9,59,Undirected,3,0.252479604919136
45,59,Undirected,1,0.111150452122667
27,59,Undirected,1,-0.201778766841022
14,59,Undirected,2,-0.158621849810873
44,59,Undirected,1,-0.177645087124303
32,59,Undirected,1,0.0442036624920534
22,59,Undirected,2,-0.241032065988696
50,59,Undirected,2,0.412180447786648
33,59,Undirected,2,0.0442036624920534
26,59,Undirected,2,-0.0649408069330146
21,59,Undirected,2,-0.0959750406729834
16,59,Undirected,1,-0.256826333171928
36,59,Undirected,1,0.190331698170291
35,59,Undirected,2,-0.0485503907448452
56,59,Undirected,1,0.287241711178348
15,59,Undirected,1,0.135974035847699
47,59,Undirected,1,0.0653929615619916
36,55,Undirected,1,-0.411728293157671
36,56,Undirected,2,0.0142404391146103
15,56,Undirected,1,-0.341147218871964
1,79,Undirected,1,-0.43805723188002
1,49,Undirected,1,-0.216208482263664
24,79,Undirected,1,-0.383699569557427
24,49,Undirected,1,-0.161850819941071
12,79,Undirected,2,0.108144941982941
6,49,Undirected,1,-4.82163733276644e-17
29,79,Undirected,1,-0.36395551136167
42,79,Undirected,2,0.0264748955316219
45,79,Undirected,3,0.491361693834273
53,79,Undirected,1,0.0653929615619916
49,79,Undirected,1,0.792391689498254
39,79,Undirected,2,0.0390640228396423
29,49,Undirected,1,-0.142106761745314
42,49,Undirected,1,-0.052706350516003
45,49,Undirected,1,0.236089188730967
5,71,Undirected,2,-0.377870025896704
41,71,Undirected,1,-0.411728293157671
5,77,Undirected,1,-0.377870025896704
6,77,Undirected,1,-0.301029995663981
15,77,Undirected,1,-0.0401172232079825
16,77,Undirected,1,-0.432917592227609
32,77,Undirected,1,-0.131887596563628
41,77,Undirected,1,-0.11069829749369
72,79,Undirected,2,0.366422957225973
56,72,Undirected,1,-0.314818280149614
10,79,Undirected,1,-0.569336146519339
9,79,Undirected,2,-0.0205216671446017
11,79,Undirected,1,-0.207608310501746
28,79,Undirected,3,-0.0984638410766781
56,79,Undirected,1,0.190331698170291
52,79,Undirected,1,-0.128427064454121
52,56,Undirected,4,0.0934216851622351
1,80,Undirected,3,0.135974035847699
4,80,Undirected,4,0.0339844973103674
3,80,Undirected,3,-0.11069829749369
24,80,Undirected,1,-0.286789556549371
56,71,Undirected,1,-0.189879543541315
71,80,Undirected,2,0.588271706842329
8,80,Undirected,4,0.0876693562731437
7,80,Undirected,4,0.0819922233814533
6,80,Undirected,3,0.352182518111362
13,30,Undirected,1,-0.128427064454121
13,56,Undirected,1,0.190331698170291
13,80,Undirected,1,0.667452952889954
11,80,Undirected,1,-0.11069829749369
28,80,Undirected,4,0.123384908539678
14,80,Undirected,2,-0.158621849810873
42,80,Undirected,1,-0.177645087124303
30,56,Undirected,1,-0.508638306165727
30,80,Undirected,3,0.445604203273598
37,80,Undirected,1,0.287241711178348
52,80,Undirected,3,0.445604203273598
35,80,Undirected,4,0.252479604919136
27,80,Undirected,2,0.0992512288229589
36,80,Undirected,1,0.190331698170291
56,80,Undirected,2,0.588271706842329
51,56,Undirected,1,-0.0137882844856333
23,80,Undirected,3,0.0582143769348681
51,80,Undirected,1,0.463332970234029
22,80,Undirected,4,0.0599979296752854
31,48,Undirected,2,-0.256826333171928
48,80,Undirected,1,-0.256826333171928
2,80,Undirected,3,-0.0372693803351562
26,80,Undirected,1,-0.365970802596996
10,80,Undirected,2,-0.171396137847301
17,80,Undirected,3,-0.0702696404380815
21,80,Undirected,2,-0.0959750406729834
19,80,Undirected,1,0.521324917211716
31,80,Undirected,1,0.463332970234029
34,72,Undirected,1,-0.411728293157671
34,80,Undirected,2,0.491361693834273
72,80,Undirected,1,0.162302974570048
29,80,Undirected,2,0.0339844973103674
16,80,Undirected,1,-0.256826333171928
45,80,Undirected,1,0.111150452122667
50,80,Undirected,1,0.111150452122667
32,80,Undirected,1,0.0442036624920534
33,80,Undirected,1,-0.256826333171928
12,38,Undirected,2,0.0289636959353166
52,59,Undirected,1,-0.0315170514460649
9,38,Undirected,2,-0.0997029131922266
34,67,Undirected,1,0.190331698170291
12,65,Undirected,2,0.0289636959353166
11,67,Undirected,1,-0.11069829749369
14,67,Undirected,2,-0.158621849810873
65,67,Undirected,1,0.588271706842329
50,67,Undirected,2,0.412180447786648
33,67,Undirected,2,0.0442036624920534
50,65,Undirected,1,-0.0649408069330146
54,56,Undirected,1,-0.11069829749369
54,57,Undirected,2,0.42441490420366
38,57,Undirected,1,0.345233658156035
38,47,Undirected,1,-0.11069829749369
45,65,Undirected,1,-0.0649408069330146
9,69,Undirected,1,-0.0997029131922266
50,69,Undirected,1,0.236089188730967
32,69,Undirected,1,0.169142399100353
34,56,Undirected,1,-0.286789556549371
6,60,Undirected,1,0.176091259055681
41,56,Undirected,1,-0.411728293157671
56,60,Undirected,1,0.588271706842329
21,60,Undirected,1,-0.0959750406729834
57,80,Undirected,1,0.521324917211716
57,60,Undirected,1,0.822354912875697
41,80,Undirected,1,0.0653929615619916
60,80,Undirected,1,1.06539296156199
48,67,Undirected,1,-0.256826333171928
5,67,Undirected,1,-0.201778766841022
10,67,Undirected,1,-0.472426133511283
25,67,Undirected,1,0.111150452122667
15,67,Undirected,1,0.135974035847699
16,67,Undirected,1,-0.256826333171928
46,67,Undirected,1,0.412180447786648
53,67,Undirected,1,0.162302974570048
44,67,Undirected,1,-0.177645087124303
41,67,Undirected,1,0.0653929615619916
61,67,Undirected,1,0.667452952889954
25,46,Undirected,1,-0.241032065988696
25,61,Undirected,1,0.0142404391146102
46,61,Undirected,1,0.315270434778591
71,79,Undirected,2,0.491361693834273
44,71,Undirected,1,-0.654766341843965
43,71,Undirected,1,0.190331698170291
61,71,Undirected,1,0.190331698170291
43,72,Undirected,1,0.0653929615619916
6,43,Undirected,1,-0.221848749616356
6,61,Undirected,1,-0.221848749616356
31,79,Undirected,1,0.366422957225973
31,45,Undirected,1,-0.189879543541315
31,43,Undirected,1,0.366422957225973
31,61,Undirected,1,0.366422957225973
15,79,Undirected,1,0.0390640228396423
32,79,Undirected,1,-0.052706350516003
33,79,Undirected,1,-0.353736346179984
43,79,Undirected,1,0.570542939881898
61,79,Undirected,1,0.570542939881898
15,43,Undirected,1,0.0390640228396423
43,45,Undirected,1,0.0142404391146103
45,61,Undirected,1,0.0142404391146102
32,43,Undirected,1,-0.052706350516003
43,61,Undirected,1,0.570542939881898
45,77,Undirected,1,-0.0649408069330146
77,79,Undirected,1,0.491361693834273
70,79,Undirected,1,0.491361693834273
